FoamFile
{
    version 2.0;
    format ascii;
    class dictionary;
    object thermophysicalProperties;
}

thermoType
{
    type            heRhoThermo;
    mixture         pureMixture;
    transport       tabulated;
    thermo          hPolynomial;
    equationOfState icoPolynomial;
    specie          specie;
    energy          sensibleEnthalpy;
}

mixture
{
    specie
    {
        molWeight 33;
    }
    equationOfState
    {
        rhoCoeffs<8> (1940 0 0 0 0 0 0 0);
    }
    thermodynamics
    {
        Hf 0;
        Sf 0;
        CpCoeffs<8> (2400 0 0 0 0 0 0 0);
    }
    transport
    {
        mu
        (
            (650 0.0196017007002)
            (732 0.0196017007002)
            (750 0.0173310827267)
            (775 0.0147463589645)
            (800 0.0126744088853)
            (825 0.0109940043338)
            (850 0.00961651536559)
            (875 0.00847621057313)
            (900 0.00752369319941)
            (925 0.00672138592146)
            (950 0.0060403773857)
            (975 0.00545818852869)
            (1000 0.00495716949802)
            (1025 0.00452333496667)
            (1050 0.00414550820702)
            (1075 0.0038146852877)
            (1100 0.00352355800425)
            (1125 0.00326615251059)
            (1150 0.0030375531408)
            (1175 0.00283368955714)
            (1200 0.00265117139662)
            (1225 0.00248715884915)
            (1250 0.00233926063648)
            (1275 0.00220545304712)
            (1300 0.00208401526889)
            (1325 0.00197347742359)
            (1350 0.0018725785665)
            (1375 0.00178023255213)
            (1400 0.00169550014697)
            (1425 0.00161756613127)
            (1450 0.00154572040703)
            (1475 0.00147934233976)
            (1500 0.00141788772344)
            (1525 0.00136087788352)
            (1550 0.00130789053054)
            (1575 0.00125855205346)
            (1600 0.00121253100195)
            (1625 0.00116953255448)
            (1650 0.00112929380709)
            (1675 0.00109157974779)
            (1700 0.00105617980591)
            (1703 0.00105207813485)
            (1800 0.00105207813485)
            (2200 0.00105207813485)
        );
        kappa
        (
            (650 1.284)
            (800 1.284)
            (900 1.293)
            (1000 1.302)
            (1100 1.311)
            (1200 1.32)
            (1400 1.338)
            (1600 1.356)
            (1703 1.36527)
            (1800 1.36527)
            (2200 1.36527)
        );
    }
}
