576
(
0.00019983803
0.00035623301
0.00071246602
0.001068699
0.001424932
0.001781165
0.0019983803
0.0019983803
0.0019983803
0.0019983803
0.0019983803
0.0019983803
0.0019983803
0.0019983803
0.0019983803
0.0019983803
0.0019983803
0.0019983178
0.001781165
0.001424932
0.001068699
0.00071246602
0.00035623301
0.00019983803
0.00019983803
0.00035623301
0.00071246602
0.001068699
0.001424932
0.001781165
0.0019983803
0.0019983803
0.0019983803
0.0019983803
0.0019983803
0.0019983803
0.0019983803
0.0019983803
0.0019983803
0.0019983803
0.0019983803
0.0019983178
0.001781165
0.001424932
0.001068699
0.00071246602
0.00035623301
0.00019983803
0.00019983803
0.00035623301
0.00071246602
0.001068699
0.001424932
0.001781165
0.0019983803
0.0019983803
0.0019983803
0.0019983803
0.0019983803
0.0019983803
0.0019983803
0.0019983803
0.0019983803
0.0019983803
0.0019983803
0.0019983178
0.001781165
0.001424932
0.001068699
0.00071246602
0.00035623301
0.00019983803
0.00019983803
0.00035623301
0.00071246602
0.001068699
0.001424932
0.001781165
0.0019983803
0.0019983803
0.0019983803
0.0019983803
0.0019983803
0.0019983803
0.0019983803
0.0019983803
0.0019983803
0.0019983803
0.0019983803
0.0019983178
0.001781165
0.001424932
0.001068699
0.00071246602
0.00035623301
0.00019983803
0.00019983803
0.00035623301
0.00071246602
0.001068699
0.001424932
0.001781165
0.0019983803
0.0019983803
0.0019983803
0.0019983803
0.0019983803
0.0019983803
0.0019983803
0.0019983803
0.0019983803
0.0019983803
0.0019983803
0.0019983178
0.001781165
0.001424932
0.001068699
0.00071246602
0.00035623301
0.00019983803
0.00019983803
0.00035623301
0.00071246602
0.001068699
0.001424932
0.001781165
0.0019983803
0.0019983803
0.0019983803
0.0019983803
0.0019983803
0.0019983803
0.0019983803
0.0019983803
0.0019983803
0.0019983803
0.0019983803
0.0019983178
0.001781165
0.001424932
0.001068699
0.00071246602
0.00035623301
0.00019983803
0.00019983803
0.00035623301
0.00071246602
0.001068699
0.001424932
0.001781165
0.0019983803
0.0019983803
0.0019983803
0.0019983803
0.0019983803
0.0019983803
0.0019983803
0.0019983803
0.0019983803
0.0019983803
0.0019983803
0.0019983178
0.001781165
0.001424932
0.001068699
0.00071246602
0.00035623301
0.00019983803
0.00019983803
0.00035623301
0.00071246602
0.001068699
0.001424932
0.001781165
0.0019983803
0.0019983803
0.0019983803
0.0019983803
0.0019983803
0.0019983803
0.0019983803
0.0019983803
0.0019983803
0.0019983803
0.0019983803
0.0019983178
0.001781165
0.001424932
0.001068699
0.00071246602
0.00035623301
0.00019983803
0.00019983803
0.00035623301
0.00071246602
0.001068699
0.001424932
0.001781165
0.0019983803
0.0019983803
0.0019983803
0.0019983803
0.0019983803
0.0019983803
0.0019983803
0.0019983803
0.0019983803
0.0019983803
0.0019983803
0.0019983178
0.001781165
0.001424932
0.001068699
0.00071246602
0.00035623301
0.00019983803
0.00019983803
0.00035623301
0.00071246602
0.001068699
0.001424932
0.001781165
0.0019983803
0.0019983803
0.0019983803
0.0019983803
0.0019983803
0.0019983803
0.0019983803
0.0019983803
0.0019983803
0.0019983803
0.0019983803
0.0019983178
0.001781165
0.001424932
0.001068699
0.00071246602
0.00035623301
0.00019983803
0.00019983803
0.00035623301
0.00071246602
0.001068699
0.001424932
0.001781165
0.0019983803
0.0019983803
0.0019983803
0.0019983803
0.0019983803
0.0019983803
0.0019983803
0.0019983803
0.0019983803
0.0019983803
0.0019983803
0.0019983178
0.001781165
0.001424932
0.001068699
0.00071246602
0.00035623301
0.00019983803
0.00019983803
0.00035623301
0.00071246602
0.001068699
0.001424932
0.001781165
0.0019983803
0.0019983803
0.0019983803
0.0019983803
0.0019983803
0.0019983803
0.0019983803
0.0019983803
0.0019983803
0.0019983803
0.0019983803
0.0019983178
0.001781165
0.001424932
0.001068699
0.00071246602
0.00035623301
0.00019983803
0.00019983803
0.00035623301
0.00071246602
0.001068699
0.001424932
0.001781165
0.0019983803
0.0019983803
0.0019983803
0.0019983803
0.0019983803
0.0019983803
0.0019983803
0.0019983803
0.0019983803
0.0019983803
0.0019983803
0.0019983178
0.001781165
0.001424932
0.001068699
0.00071246602
0.00035623301
0.00019983803
0.00019983803
0.00035623301
0.00071246602
0.001068699
0.001424932
0.001781165
0.0019983803
0.0019983803
0.0019983803
0.0019983803
0.0019983803
0.0019983803
0.0019983803
0.0019983803
0.0019983803
0.0019983803
0.0019983803
0.0019983178
0.001781165
0.001424932
0.001068699
0.00071246602
0.00035623301
0.00019983803
0.00019983803
0.00035623301
0.00071246602
0.001068699
0.001424932
0.001781165
0.0019983803
0.0019983803
0.0019983803
0.0019983803
0.0019983803
0.0019983803
0.0019983803
0.0019983803
0.0019983803
0.0019983803
0.0019983803
0.0019983178
0.001781165
0.001424932
0.001068699
0.00071246602
0.00035623301
0.00019983803
0.00019983803
0.00035623301
0.00071246602
0.001068699
0.001424932
0.001781165
0.0019983803
0.0019983803
0.0019983803
0.0019983803
0.0019983803
0.0019983803
0.0019983803
0.0019983803
0.0019983803
0.0019983803
0.0019983803
0.0019983178
0.001781165
0.001424932
0.001068699
0.00071246602
0.00035623301
0.00019983803
0.00019983803
0.00035623301
0.00071246602
0.001068699
0.001424932
0.001781165
0.0019983803
0.0019983803
0.0019983803
0.0019983803
0.0019983803
0.0019983803
0.0019983803
0.0019983803
0.0019983803
0.0019983803
0.0019983803
0.0019983178
0.001781165
0.001424932
0.001068699
0.00071246602
0.00035623301
0.00019983803
0.00019983803
0.00035623301
0.00071246602
0.001068699
0.001424932
0.001781165
0.0019983803
0.0019983803
0.0019983803
0.0019983803
0.0019983803
0.0019983803
0.0019983803
0.0019983803
0.0019983803
0.0019983803
0.0019983803
0.0019983178
0.001781165
0.001424932
0.001068699
0.00071246602
0.00035623301
0.00019983803
0.00019983803
0.00035623301
0.00071246602
0.001068699
0.001424932
0.001781165
0.0019983803
0.0019983803
0.0019983803
0.0019983803
0.0019983803
0.0019983803
0.0019983803
0.0019983803
0.0019983803
0.0019983803
0.0019983803
0.0019983178
0.001781165
0.001424932
0.001068699
0.00071246602
0.00035623301
0.00019983803
0.00019983803
0.00035623301
0.00071246602
0.001068699
0.001424932
0.001781165
0.0019983803
0.0019983803
0.0019983803
0.0019983803
0.0019983803
0.0019983803
0.0019983803
0.0019983803
0.0019983803
0.0019983803
0.0019983803
0.0019983178
0.001781165
0.001424932
0.001068699
0.00071246602
0.00035623301
0.00019983803
0.00019983803
0.00035623301
0.00071246602
0.001068699
0.001424932
0.001781165
0.0019983803
0.0019983803
0.0019983803
0.0019983803
0.0019983803
0.0019983803
0.0019983803
0.0019983803
0.0019983803
0.0019983803
0.0019983803
0.0019983178
0.001781165
0.001424932
0.001068699
0.00071246602
0.00035623301
0.00019983803
0.00019983803
0.00035623301
0.00071246602
0.001068699
0.001424932
0.001781165
0.0019983803
0.0019983803
0.0019983803
0.0019983803
0.0019983803
0.0019983803
0.0019983803
0.0019983803
0.0019983803
0.0019983803
0.0019983803
0.0019983178
0.001781165
0.001424932
0.001068699
0.00071246602
0.00035623301
0.00019983803
0.00019983803
0.00035623301
0.00071246602
0.001068699
0.001424932
0.001781165
0.0019983803
0.0019983803
0.0019983803
0.0019983803
0.0019983803
0.0019983803
0.0019983803
0.0019983803
0.0019983803
0.0019983803
0.0019983803
0.0019983178
0.001781165
0.001424932
0.001068699
0.00071246602
0.00035623301
0.00019983803
0.00019983803
0.00035623301
0.00071246602
0.001068699
0.001424932
0.001781165
0.0019983803
0.0019983803
0.0019983803
0.0019983803
0.0019983803
0.0019983803
0.0019983803
0.0019983803
0.0019983803
0.0019983803
0.0019983803
0.0019983178
0.001781165
0.001424932
0.001068699
0.00071246602
0.00035623301
0.00019983803
)
