/*--------------------------------*- C++ -*----------------------------------*/
FoamFile { version 2.0; format ascii; class dictionary; object blockMeshDict; }
scale 1;
vertices
(
    (0 -0.008 0.015)
    (0 -0.008 -0.015)
    (0 0.008 -0.015)
    (0 0.008 0.015)
    (0 -0.008 0.019)
    (0 0.008 0.019)
    (0.01084638253 -0.005411809549 0.01556171207)
    (0.01394534897 -0.005411809549 -0.01427779877)
    (0.01394534897 0.01058819045 -0.01427779877)
    (0.01084638253 0.01058819045 0.01556171207)
    (0.01043318701 -0.005411809549 0.01954031351)
    (0.01043318701 0.01058819045 0.01954031351)
    (0.02157671661 -0.003 0.01724083836)
    (0.02774149278 -0.003 -0.01211892211)
    (0.02774149278 0.013 -0.01211892211)
    (0.02157671661 0.013 0.01724083836)
    (0.02075474645 -0.003 0.02115547309)
    (0.02075474645 0.013 0.02115547309)
    (0.0320761954 -0.0009289321881 0.02001941344)
    (0.04124082266 -0.0009289321881 -0.008546468431)
    (0.04124082266 0.01507106781 -0.008546468431)
    (0.0320761954 0.01507106781 0.02001941344)
    (0.0308542451 -0.0009289321881 0.02382819769)
    (0.0308542451 0.01507106781 0.02382819769)
    (0.04223248209 0.0006602540378 0.02386770856)
    (0.05429890554 0.0006602540378 -0.003598660419)
    (0.05429890554 0.01666025404 -0.003598660419)
    (0.04223248209 0.01666025404 0.02386770856)
    (0.04062362562 0.0006602540378 0.02752989109)
    (0.04062362562 0.01666025404 0.02752989109)
    (0.05193691172 0.001659258263 0.02874454975)
    (0.06677602936 0.001659258263 0.00267156396)
    (0.06677602936 0.01765925826 0.00267156396)
    (0.05193691172 0.01765925826 0.02874454975)
    (0.0499583627 0.001659258263 0.03222094785)
    (0.0499583627 0.01765925826 0.03222094785)
    (0.06108565392 0.002 0.03459775832)
    (0.0785386979 0.002 0.01019711784)
    (0.0785386979 0.018 0.01019711784)
    (0.06108565392 0.018 0.03459775832)
    (0.05875858139 0.002 0.03785117705)
    (0.05875858139 0.018 0.03785117705)
    (0.06958082377 0.001659258263 0.04136470917)
    (0.08946105913 0.001659258263 0.01889748322)
    (0.08946105913 0.01765925826 0.01889748322)
    (0.06958082377 0.01765925826 0.04136470917)
    (0.06693012572 0.001659258263 0.0443603393)
    (0.06693012572 0.01765925826 0.0443603393)
    (0.07733152907 0.0006602540378 0.04897300082)
    (0.09942625166 0.0006602540378 0.02867957248)
    (0.09942625166 0.01666025404 0.02867957248)
    (0.07733152907 0.01666025404 0.04897300082)
    (0.07438556605 0.0006602540378 0.05167879127)
    (0.07438556605 0.01666025404 0.05167879127)
    (0.08425484288 -0.0009289321881 0.05734123005)
    (0.1083276551 -0.0009289321881 0.03943872435)
    (0.1083276551 0.01507106781 0.03943872435)
    (0.08425484288 0.01507106781 0.05734123005)
    (0.08104513458 -0.0009289321881 0.05972823081)
    (0.08104513458 0.01507106781 0.05972823081)
    (0.09027669074 -0.003 0.06637986284)
    (0.116070031 -0.003 0.05105982365)
    (0.116070031 0.013 0.05105982365)
    (0.09027669074 0.013 0.06637986284)
    (0.08683757871 -0.003 0.06842253473)
    (0.08683757871 0.013 0.06842253473)
    (0.09533264324 -0.005411809549 0.07599219236)
    (0.1225705413 -0.005411809549 0.06341853303)
    (0.1225705413 0.01058819045 0.06341853303)
    (0.09533264324 0.01058819045 0.07599219236)
    (0.0917009235 -0.005411809549 0.07766868027)
    (0.0917009235 0.01058819045 0.07766868027)
    (0.09936860533 -0.008 0.08607537363)
    (0.1277596354 -0.008 0.07638262324)
    (0.1277596354 0.008 0.07638262324)
    (0.09936860533 0.008 0.08607537363)
    (0.09558313465 -0.008 0.08736774035)
    (0.09558313465 0.008 0.08736774035)
    (0.1023413951 -0.01058819045 0.09652152389)
    (0.1315817938 -0.01058819045 0.08981338785)
    (0.1315817938 0.005411809549 0.08981338785)
    (0.1023413951 0.005411809549 0.09652152389)
    (0.09844267533 -0.01058819045 0.09741594202)
    (0.09844267533 0.005411809549 0.09741594202)
    (0.104219206 -0.013 0.1072188769)
    (0.133996122 -0.013 0.1035671274)
    (0.133996122 0.003 0.1035671274)
    (0.104219206 0.003 0.1072188769)
    (0.1002489505 -0.013 0.1077057768)
    (0.1002489505 0.003 0.1077057768)
    (0.1049819466 -0.01507106781 0.1180529786)
    (0.1349767885 -0.01507106781 0.1174966868)
    (0.1349767885 0.0009289321881 0.1174966868)
    (0.1049819466 0.0009289321881 0.1180529786)
    (0.1009826343 -0.01507106781 0.1181271509)
    (0.1009826343 0.0009289321881 0.1181271509)
    (0.1046214562 -0.01666025404 0.1289079121)
    (0.1345133009 -0.01666025404 0.1314530299)
    (0.1345133009 -0.0006602540378 0.1314530299)
    (0.1046214562 -0.0006602540378 0.1289079121)
    (0.1006358769 -0.01666025404 0.1285685631)
    (0.1006358769 -0.0006602540378 0.1285685631)
    (0.1031415919 -0.01765925826 0.1396675374)
    (0.1326106181 -0.01765925826 0.1452868338)
    (0.1326106181 -0.001659258263 0.1452868338)
    (0.1031415919 -0.001659258263 0.1396675374)
    (0.09921238836 -0.01765925826 0.1389182979)
    (0.09921238836 -0.001659258263 0.1389182979)
    (0.100558187 -0.018 0.1502167342)
    (0.1292890976 -0.018 0.1588500869)
    (0.1292890976 -0.002 0.1588500869)
    (0.100558187 -0.002 0.1502167342)
    (0.09672739892 -0.018 0.1490656206)
    (0.09672739892 -0.002 0.1490656206)
    (0.09689888218 -0.01765925826 0.1604426339)
    (0.1245842771 -0.01765925826 0.1719976721)
    (0.1245842771 -0.001659258263 0.1719976721)
    (0.09689888218 -0.001659258263 0.1604426339)
    (0.09320749619 -0.01765925826 0.1589019621)
    (0.09320749619 -0.001659258263 0.1589019621)
    (0.09220282933 -0.01666025404 0.1702358265)
    (0.1185464949 -0.01666025404 0.1845889198)
    (0.1185464949 -0.0006602540378 0.1845889198)
    (0.09220282933 -0.0006602540378 0.1702358265)
    (0.08869034059 -0.01666025404 0.1683220807)
    (0.08869034059 -0.0006602540378 0.1683220807)
    (0.08652027283 -0.01507106781 0.1794915321)
    (0.1112403508 -0.01507106781 0.1964891127)
    (0.1112403508 0.0009289321881 0.1964891127)
    (0.08652027283 0.0009289321881 0.1794915321)
    (0.08322426243 -0.01507106781 0.177225188)
    (0.08322426243 0.0009289321881 0.177225188)
    (0.07991201191 -0.013 0.1881107213)
    (0.1027440153 -0.013 0.2075709273)
    (0.1027440153 0.003 0.2075709273)
    (0.07991201191 0.003 0.1881107213)
    (0.07686774479 -0.013 0.1855160271)
    (0.07686774479 0.003 0.1855160271)
    (0.07244875021 -0.01058819045 0.1960011749)
    (0.09314839312 -0.01058819045 0.2177157964)
    (0.09314839312 0.005411809549 0.2177157964)
    (0.07244875021 0.005411809549 0.1960011749)
    (0.06968879782 -0.01058819045 0.1931058921)
    (0.06968879782 0.005411809549 0.1931058921)
    (0.06421033922 -0.008 0.203078471)
    (0.08255615043 -0.008 0.226815177)
    (0.08255615043 0.008 0.226815177)
    (0.06421033922 0.008 0.203078471)
    (0.06176423106 -0.008 0.1999135768)
    (0.06176423106 0.008 0.1999135768)
);
blocks
(
    hex (0 6 9 3 4 10 11 5) (4 8 8) simpleGrading (1 1 1)
    hex (6 12 15 9 10 16 17 11) (4 8 8) simpleGrading (1 1 1)
    hex (12 18 21 15 16 22 23 17) (4 8 8) simpleGrading (1 1 1)
    hex (18 24 27 21 22 28 29 23) (4 8 8) simpleGrading (1 1 1)
    hex (24 30 33 27 28 34 35 29) (4 8 8) simpleGrading (1 1 1)
    hex (30 36 39 33 34 40 41 35) (4 8 8) simpleGrading (1 1 1)
    hex (36 42 45 39 40 46 47 41) (4 8 8) simpleGrading (1 1 1)
    hex (42 48 51 45 46 52 53 47) (4 8 8) simpleGrading (1 1 1)
    hex (48 54 57 51 52 58 59 53) (4 8 8) simpleGrading (1 1 1)
    hex (54 60 63 57 58 64 65 59) (4 8 8) simpleGrading (1 1 1)
    hex (60 66 69 63 64 70 71 65) (4 8 8) simpleGrading (1 1 1)
    hex (66 72 75 69 70 76 77 71) (4 8 8) simpleGrading (1 1 1)
    hex (72 78 81 75 76 82 83 77) (4 8 8) simpleGrading (1 1 1)
    hex (78 84 87 81 82 88 89 83) (4 8 8) simpleGrading (1 1 1)
    hex (84 90 93 87 88 94 95 89) (4 8 8) simpleGrading (1 1 1)
    hex (90 96 99 93 94 100 101 95) (4 8 8) simpleGrading (1 1 1)
    hex (96 102 105 99 100 106 107 101) (4 8 8) simpleGrading (1 1 1)
    hex (102 108 111 105 106 112 113 107) (4 8 8) simpleGrading (1 1 1)
    hex (108 114 117 111 112 118 119 113) (4 8 8) simpleGrading (1 1 1)
    hex (114 120 123 117 118 124 125 119) (4 8 8) simpleGrading (1 1 1)
    hex (120 126 129 123 124 130 131 125) (4 8 8) simpleGrading (1 1 1)
    hex (126 132 135 129 130 136 137 131) (4 8 8) simpleGrading (1 1 1)
    hex (132 138 141 135 136 142 143 137) (4 8 8) simpleGrading (1 1 1)
    hex (138 144 147 141 142 148 149 143) (4 8 8) simpleGrading (1 1 1)
    hex (1 7 8 2 0 6 9 3) (4 8 50) simpleGrading (1 1 0.021725732)
    hex (7 13 14 8 6 12 15 9) (4 8 50) simpleGrading (1 1 0.021725732)
    hex (13 19 20 14 12 18 21 15) (4 8 50) simpleGrading (1 1 0.021725732)
    hex (19 25 26 20 18 24 27 21) (4 8 50) simpleGrading (1 1 0.021725732)
    hex (25 31 32 26 24 30 33 27) (4 8 50) simpleGrading (1 1 0.021725732)
    hex (31 37 38 32 30 36 39 33) (4 8 50) simpleGrading (1 1 0.021725732)
    hex (37 43 44 38 36 42 45 39) (4 8 50) simpleGrading (1 1 0.021725732)
    hex (43 49 50 44 42 48 51 45) (4 8 50) simpleGrading (1 1 0.021725732)
    hex (49 55 56 50 48 54 57 51) (4 8 50) simpleGrading (1 1 0.021725732)
    hex (55 61 62 56 54 60 63 57) (4 8 50) simpleGrading (1 1 0.021725732)
    hex (61 67 68 62 60 66 69 63) (4 8 50) simpleGrading (1 1 0.021725732)
    hex (67 73 74 68 66 72 75 69) (4 8 50) simpleGrading (1 1 0.021725732)
    hex (73 79 80 74 72 78 81 75) (4 8 50) simpleGrading (1 1 0.021725732)
    hex (79 85 86 80 78 84 87 81) (4 8 50) simpleGrading (1 1 0.021725732)
    hex (85 91 92 86 84 90 93 87) (4 8 50) simpleGrading (1 1 0.021725732)
    hex (91 97 98 92 90 96 99 93) (4 8 50) simpleGrading (1 1 0.021725732)
    hex (97 103 104 98 96 102 105 99) (4 8 50) simpleGrading (1 1 0.021725732)
    hex (103 109 110 104 102 108 111 105) (4 8 50) simpleGrading (1 1 0.021725732)
    hex (109 115 116 110 108 114 117 111) (4 8 50) simpleGrading (1 1 0.021725732)
    hex (115 121 122 116 114 120 123 117) (4 8 50) simpleGrading (1 1 0.021725732)
    hex (121 127 128 122 120 126 129 123) (4 8 50) simpleGrading (1 1 0.021725732)
    hex (127 133 134 128 126 132 135 129) (4 8 50) simpleGrading (1 1 0.021725732)
    hex (133 139 140 134 132 138 141 135) (4 8 50) simpleGrading (1 1 0.021725732)
    hex (139 145 146 140 138 144 147 141) (4 8 50) simpleGrading (1 1 0.021725732)
);
edges ();
boundary
(
    inlet
    {
        type patch;
        faces ((1 2 3 0));
    }
    outlet
    {
        type patch;
        faces ((145 144 147 146));
    }
    blanket_back_wall
    {
        type wall;
        faces
        (
        (1 7 8 2)
        (7 13 14 8)
        (13 19 20 14)
        (19 25 26 20)
        (25 31 32 26)
        (31 37 38 32)
        (37 43 44 38)
        (43 49 50 44)
        (49 55 56 50)
        (55 61 62 56)
        (61 67 68 62)
        (67 73 74 68)
        (73 79 80 74)
        (79 85 86 80)
        (85 91 92 86)
        (91 97 98 92)
        (97 103 104 98)
        (103 109 110 104)
        (109 115 116 110)
        (115 121 122 116)
        (121 127 128 122)
        (127 133 134 128)
        (133 139 140 134)
        (139 145 146 140)
        );
    }
    side_walls
    {
        type wall;
        faces
        (
        (1 0 6 7)
        (2 8 9 3)
        (7 6 12 13)
        (8 14 15 9)
        (13 12 18 19)
        (14 20 21 15)
        (19 18 24 25)
        (20 26 27 21)
        (25 24 30 31)
        (26 32 33 27)
        (31 30 36 37)
        (32 38 39 33)
        (37 36 42 43)
        (38 44 45 39)
        (43 42 48 49)
        (44 50 51 45)
        (49 48 54 55)
        (50 56 57 51)
        (55 54 60 61)
        (56 62 63 57)
        (61 60 66 67)
        (62 68 69 63)
        (67 66 72 73)
        (68 74 75 69)
        (73 72 78 79)
        (74 80 81 75)
        (79 78 84 85)
        (80 86 87 81)
        (85 84 90 91)
        (86 92 93 87)
        (91 90 96 97)
        (92 98 99 93)
        (97 96 102 103)
        (98 104 105 99)
        (103 102 108 109)
        (104 110 111 105)
        (109 108 114 115)
        (110 116 117 111)
        (115 114 120 121)
        (116 122 123 117)
        (121 120 126 127)
        (122 128 129 123)
        (127 126 132 133)
        (128 134 135 129)
        (133 132 138 139)
        (134 140 141 135)
        (139 138 144 145)
        (140 146 147 141)
        );
    }
    heatedBase
    {
        type wall;
        faces
        (
        (4 5 11 10)
        (10 11 17 16)
        (16 17 23 22)
        (22 23 29 28)
        (28 29 35 34)
        (34 35 41 40)
        (40 41 47 46)
        (46 47 53 52)
        (52 53 59 58)
        (58 59 65 64)
        (64 65 71 70)
        (70 71 77 76)
        (76 77 83 82)
        (82 83 89 88)
        (88 89 95 94)
        (94 95 101 100)
        (100 101 107 106)
        (106 107 113 112)
        (112 113 119 118)
        (118 119 125 124)
        (124 125 131 130)
        (130 131 137 136)
        (136 137 143 142)
        (142 143 149 148)
        );
    }
    solidSides
    {
        type wall;
        faces
        (
        (0 4 10 6)
        (3 9 11 5)
        (6 10 16 12)
        (9 15 17 11)
        (12 16 22 18)
        (15 21 23 17)
        (18 22 28 24)
        (21 27 29 23)
        (24 28 34 30)
        (27 33 35 29)
        (30 34 40 36)
        (33 39 41 35)
        (36 40 46 42)
        (39 45 47 41)
        (42 46 52 48)
        (45 51 53 47)
        (48 52 58 54)
        (51 57 59 53)
        (54 58 64 60)
        (57 63 65 59)
        (60 64 70 66)
        (63 69 71 65)
        (66 70 76 72)
        (69 75 77 71)
        (72 76 82 78)
        (75 81 83 77)
        (78 82 88 84)
        (81 87 89 83)
        (84 88 94 90)
        (87 93 95 89)
        (90 94 100 96)
        (93 99 101 95)
        (96 100 106 102)
        (99 105 107 101)
        (102 106 112 108)
        (105 111 113 107)
        (108 112 118 114)
        (111 117 119 113)
        (114 118 124 120)
        (117 123 125 119)
        (120 124 130 126)
        (123 129 131 125)
        (126 130 136 132)
        (129 135 137 131)
        (132 136 142 138)
        (135 141 143 137)
        (138 142 148 144)
        (141 147 149 143)
        (0 3 5 4)
        (144 148 149 147)
        );
    }
);
mergePatchPairs ();
