/*--------------------------------*- C++ -*----------------------------------*/
FoamFile { version 2.0; format ascii; class dictionary; object blockMeshDict; }
scale 1;
vertices
(
    (0 -0.008 0.015)
    (0 -0.008 -0.015)
    (0 0.008 -0.015)
    (0 0.008 0.015)
    (0 -0.008 0.019)
    (0 0.008 0.019)
    (0.01178960654 -0.005411809549 0.01524395498)
    (0.01303061775 -0.005411809549 -0.01473036555)
    (0.01303061775 0.01058819045 -0.01473036555)
    (0.01178960654 0.01058819045 0.01524395498)
    (0.01162413838 -0.005411809549 0.01924053105)
    (0.01162413838 0.01058819045 0.01924053105)
    (0.02355902969 -0.003 0.01597540226)
    (0.02603892755 -0.003 -0.01392192382)
    (0.02603892755 0.013 -0.01392192382)
    (0.02355902969 0.013 0.01597540226)
    (0.02322837664 -0.003 0.01996171241)
    (0.02322837664 0.013 0.01996171241)
    (0.03528812061 -0.0009289321881 0.01719308965)
    (0.03900265962 -0.0009289321881 -0.01257605881)
    (0.03900265962 0.01507106781 -0.01257605881)
    (0.03528812061 0.01507106781 0.01719308965)
    (0.03479284874 -0.0009289321881 0.02116230944)
    (0.03479284874 0.01507106781 0.02116230944)
    (0.04695679951 0.0006602540378 0.01889493249)
    (0.05189962051 0.0006602540378 -0.01069507462)
    (0.05189962051 0.01666025404 -0.01069507462)
    (0.04695679951 0.01666025404 0.01889493249)
    (0.04629775671 0.0006602540378 0.02284026677)
    (0.04629775671 0.01666025404 0.02284026677)
    (0.05854509002 0.001659258263 0.0210780173)
    (0.06470773108 0.001659258263 -0.008282191407)
    (0.06470773108 0.01765925826 -0.008282191407)
    (0.05854509002 0.01765925826 0.0210780173)
    (0.05772340455 0.001659258263 0.02499271179)
    (0.05772340455 0.01765925826 0.02499271179)
    (0.07003315341 0.002 0.02373860671)
    (0.0774050643 0.002 -0.005341539954)
    (0.0774050643 0.018 -0.005341539954)
    (0.07003315341 0.018 0.02373860671)
    (0.06905023196 0.002 0.0276159596)
    (0.06905023196 0.018 0.0276159596)
    (0.08140132251 0.001659258263 0.02687214588)
    (0.08996988277 0.001659258263 -0.001878154549)
    (0.08996988277 0.01765925826 -0.001878154549)
    (0.08140132251 0.01765925826 0.02687214588)
    (0.08025884781 0.001659258263 0.03070551928)
    (0.08025884781 0.01765925826 0.03070551928)
    (0.09263013541 0.0006602540378 0.03047327032)
    (0.102380676 0.0006602540378 0.002102035613)
    (0.102380676 0.01666025404 0.002102035613)
    (0.09263013541 0.01666025404 0.03047327032)
    (0.09133006333 0.0006602540378 0.03425610161)
    (0.09133006333 0.01666025404 0.03425610161)
    (0.1037003688 -0.0009289321881 0.03453581501)
    (0.1146161971 -0.0009289321881 0.006592216587)
    (0.1146161971 0.01507106781 0.006592216587)
    (0.1037003688 0.01507106781 0.03453581501)
    (0.102244925 -0.0009289321881 0.03826162813)
    (0.102244925 0.01507106781 0.03826162813)
    (0.1145930708 -0.003 0.03905282502)
    (0.1266554993 -0.003 0.01158470134)
    (0.1266554993 0.013 0.01158470134)
    (0.1145930708 0.013 0.03905282502)
    (0.112984747 -0.003 0.04271524152)
    (0.112984747 0.013 0.04271524152)
    (0.1252895935 -0.005411809549 0.04401656741)
    (0.1384779718 -0.005411809549 0.01707094292)
    (0.1384779718 0.01058819045 0.01707094292)
    (0.1252895935 0.01058819045 0.04401656741)
    (0.1235311431 -0.005411809549 0.04760931734)
    (0.1235311431 0.01058819045 0.04760931734)
    (0.1357716248 -0.008 0.0494185444)
    (0.1500633748 -0.008 0.02304154907)
    (0.1500633748 0.008 0.02304154907)
    (0.1357716248 0.008 0.0494185444)
    (0.1338660582 -0.008 0.05293547711)
    (0.1338660582 0.008 0.05293547711)
    (0.1460212199 -0.01058819045 0.05524950801)
    (0.1613918747 -0.01058819045 0.02948629832)
    (0.1613918747 0.005411809549 0.02948629832)
    (0.1460212199 0.005411809549 0.05524950801)
    (0.1439717993 -0.01058819045 0.05868460263)
    (0.1439717993 0.005411809549 0.05868460263)
    (0.1560208319 -0.013 0.06149947583)
    (0.1724440773 -0.013 0.0363941575)
    (0.1724440773 0.003 0.0363941575)
    (0.1560208319 0.003 0.06149947583)
    (0.1538310658 -0.013 0.06484685161)
    (0.1538310658 0.003 0.06484685161)
    (0.1657533416 -0.01507106781 0.06815774814)
    (0.1832010618 -0.01507106781 0.04375330058)
    (0.1832010618 0.0009289321881 0.04375330058)
    (0.1657533416 0.0009289321881 0.06815774814)
    (0.1634269789 -0.01507106781 0.07141167449)
    (0.1634269789 0.0009289321881 0.07141167449)
    (0.1752020875 -0.01666025404 0.07521292622)
    (0.1936444125 -0.01666025404 0.05155112898)
    (0.1936444125 -0.0006602540378 0.05155112898)
    (0.1752020875 -0.0006602540378 0.07521292622)
    (0.1727431108 -0.01666025404 0.07836783252)
    (0.1727431108 -0.0006602540378 0.07836783252)
    (0.1843508936 -0.01765925826 0.08265293184)
    (0.2037562508 -0.01765925826 0.05977429308)
    (0.2037562508 -0.001659258263 0.05977429308)
    (0.1843508936 -0.001659258263 0.08265293184)
    (0.1817635126 -0.01765925826 0.085703417)
    (0.1817635126 -0.001659258263 0.085703417)
    (0.1931840974 -0.018 0.09046502797)
    (0.2135192656 -0.018 0.06840871513)
    (0.2135192656 -0.002 0.06840871513)
    (0.1931840974 -0.002 0.09046502797)
    (0.1904727417 -0.018 0.09340586969)
    (0.1904727417 -0.002 0.09340586969)
    (0.2016865769 -0.01765925826 0.0986358406)
    (0.2229167429 -0.01765925826 0.07743961329)
    (0.2229167429 -0.001659258263 0.07743961329)
    (0.2016865769 -0.001659258263 0.0986358406)
    (0.1988558881 -0.01765925826 0.1014620042)
    (0.1988558881 -0.001659258263 0.1014620042)
    (0.2098437761 -0.01666025404 0.1071513816)
    (0.2319325946 -0.01666025404 0.08685152699)
    (0.2319325946 -0.0006602540378 0.08685152699)
    (0.2098437761 -0.0006602540378 0.1071513816)
    (0.2068986003 -0.01666025404 0.1098580288)
    (0.2068986003 -0.0006602540378 0.1098580288)
    (0.2176417301 -0.01507106781 0.1159970726)
    (0.2405513859 -0.01507106781 0.09662834336)
    (0.2405513859 0.0009289321881 0.09662834336)
    (0.2176417301 0.0009289321881 0.1159970726)
    (0.2145871094 -0.01507106781 0.1185795698)
    (0.2145871094 0.0009289321881 0.1185795698)
    (0.2250670892 -0.013 0.1251577701)
    (0.2487583617 -0.013 0.1067533248)
    (0.2487583617 0.003 0.1067533248)
    (0.2250670892 0.003 0.1251577701)
    (0.2219082529 -0.013 0.1276116961)
    (0.2219082529 0.003 0.1276116961)
    (0.2321071413 -0.01058819045 0.1346177913)
    (0.256539472 -0.01058819045 0.1172091378)
    (0.256539472 0.005411809549 0.1172091378)
    (0.2321071413 0.005411809549 0.1346177913)
    (0.2288494972 -0.01058819045 0.1369389451)
    (0.2288494972 0.005411809549 0.1369389451)
    (0.2387498342 -0.008 0.1443609411)
    (0.2638813957 -0.008 0.1279778823)
    (0.2638813957 0.008 0.1279778823)
    (0.2387498342 0.008 0.1443609411)
    (0.2353989594 -0.008 0.146545349)
    (0.2353989594 0.008 0.146545349)
);
blocks
(
    hex (0 6 9 3 4 10 11 5) (4 8 8) simpleGrading (1 1 1)
    hex (6 12 15 9 10 16 17 11) (4 8 8) simpleGrading (1 1 1)
    hex (12 18 21 15 16 22 23 17) (4 8 8) simpleGrading (1 1 1)
    hex (18 24 27 21 22 28 29 23) (4 8 8) simpleGrading (1 1 1)
    hex (24 30 33 27 28 34 35 29) (4 8 8) simpleGrading (1 1 1)
    hex (30 36 39 33 34 40 41 35) (4 8 8) simpleGrading (1 1 1)
    hex (36 42 45 39 40 46 47 41) (4 8 8) simpleGrading (1 1 1)
    hex (42 48 51 45 46 52 53 47) (4 8 8) simpleGrading (1 1 1)
    hex (48 54 57 51 52 58 59 53) (4 8 8) simpleGrading (1 1 1)
    hex (54 60 63 57 58 64 65 59) (4 8 8) simpleGrading (1 1 1)
    hex (60 66 69 63 64 70 71 65) (4 8 8) simpleGrading (1 1 1)
    hex (66 72 75 69 70 76 77 71) (4 8 8) simpleGrading (1 1 1)
    hex (72 78 81 75 76 82 83 77) (4 8 8) simpleGrading (1 1 1)
    hex (78 84 87 81 82 88 89 83) (4 8 8) simpleGrading (1 1 1)
    hex (84 90 93 87 88 94 95 89) (4 8 8) simpleGrading (1 1 1)
    hex (90 96 99 93 94 100 101 95) (4 8 8) simpleGrading (1 1 1)
    hex (96 102 105 99 100 106 107 101) (4 8 8) simpleGrading (1 1 1)
    hex (102 108 111 105 106 112 113 107) (4 8 8) simpleGrading (1 1 1)
    hex (108 114 117 111 112 118 119 113) (4 8 8) simpleGrading (1 1 1)
    hex (114 120 123 117 118 124 125 119) (4 8 8) simpleGrading (1 1 1)
    hex (120 126 129 123 124 130 131 125) (4 8 8) simpleGrading (1 1 1)
    hex (126 132 135 129 130 136 137 131) (4 8 8) simpleGrading (1 1 1)
    hex (132 138 141 135 136 142 143 137) (4 8 8) simpleGrading (1 1 1)
    hex (138 144 147 141 142 148 149 143) (4 8 8) simpleGrading (1 1 1)
    hex (1 7 8 2 0 6 9 3) (4 8 50) simpleGrading (1 1 0.021725732)
    hex (7 13 14 8 6 12 15 9) (4 8 50) simpleGrading (1 1 0.021725732)
    hex (13 19 20 14 12 18 21 15) (4 8 50) simpleGrading (1 1 0.021725732)
    hex (19 25 26 20 18 24 27 21) (4 8 50) simpleGrading (1 1 0.021725732)
    hex (25 31 32 26 24 30 33 27) (4 8 50) simpleGrading (1 1 0.021725732)
    hex (31 37 38 32 30 36 39 33) (4 8 50) simpleGrading (1 1 0.021725732)
    hex (37 43 44 38 36 42 45 39) (4 8 50) simpleGrading (1 1 0.021725732)
    hex (43 49 50 44 42 48 51 45) (4 8 50) simpleGrading (1 1 0.021725732)
    hex (49 55 56 50 48 54 57 51) (4 8 50) simpleGrading (1 1 0.021725732)
    hex (55 61 62 56 54 60 63 57) (4 8 50) simpleGrading (1 1 0.021725732)
    hex (61 67 68 62 60 66 69 63) (4 8 50) simpleGrading (1 1 0.021725732)
    hex (67 73 74 68 66 72 75 69) (4 8 50) simpleGrading (1 1 0.021725732)
    hex (73 79 80 74 72 78 81 75) (4 8 50) simpleGrading (1 1 0.021725732)
    hex (79 85 86 80 78 84 87 81) (4 8 50) simpleGrading (1 1 0.021725732)
    hex (85 91 92 86 84 90 93 87) (4 8 50) simpleGrading (1 1 0.021725732)
    hex (91 97 98 92 90 96 99 93) (4 8 50) simpleGrading (1 1 0.021725732)
    hex (97 103 104 98 96 102 105 99) (4 8 50) simpleGrading (1 1 0.021725732)
    hex (103 109 110 104 102 108 111 105) (4 8 50) simpleGrading (1 1 0.021725732)
    hex (109 115 116 110 108 114 117 111) (4 8 50) simpleGrading (1 1 0.021725732)
    hex (115 121 122 116 114 120 123 117) (4 8 50) simpleGrading (1 1 0.021725732)
    hex (121 127 128 122 120 126 129 123) (4 8 50) simpleGrading (1 1 0.021725732)
    hex (127 133 134 128 126 132 135 129) (4 8 50) simpleGrading (1 1 0.021725732)
    hex (133 139 140 134 132 138 141 135) (4 8 50) simpleGrading (1 1 0.021725732)
    hex (139 145 146 140 138 144 147 141) (4 8 50) simpleGrading (1 1 0.021725732)
);
edges ();
boundary
(
    inlet
    {
        type patch;
        faces ((1 2 3 0));
    }
    outlet
    {
        type patch;
        faces ((145 144 147 146));
    }
    blanket_back_wall
    {
        type wall;
        faces
        (
        (1 7 8 2)
        (7 13 14 8)
        (13 19 20 14)
        (19 25 26 20)
        (25 31 32 26)
        (31 37 38 32)
        (37 43 44 38)
        (43 49 50 44)
        (49 55 56 50)
        (55 61 62 56)
        (61 67 68 62)
        (67 73 74 68)
        (73 79 80 74)
        (79 85 86 80)
        (85 91 92 86)
        (91 97 98 92)
        (97 103 104 98)
        (103 109 110 104)
        (109 115 116 110)
        (115 121 122 116)
        (121 127 128 122)
        (127 133 134 128)
        (133 139 140 134)
        (139 145 146 140)
        );
    }
    side_walls
    {
        type wall;
        faces
        (
        (1 0 6 7)
        (2 8 9 3)
        (7 6 12 13)
        (8 14 15 9)
        (13 12 18 19)
        (14 20 21 15)
        (19 18 24 25)
        (20 26 27 21)
        (25 24 30 31)
        (26 32 33 27)
        (31 30 36 37)
        (32 38 39 33)
        (37 36 42 43)
        (38 44 45 39)
        (43 42 48 49)
        (44 50 51 45)
        (49 48 54 55)
        (50 56 57 51)
        (55 54 60 61)
        (56 62 63 57)
        (61 60 66 67)
        (62 68 69 63)
        (67 66 72 73)
        (68 74 75 69)
        (73 72 78 79)
        (74 80 81 75)
        (79 78 84 85)
        (80 86 87 81)
        (85 84 90 91)
        (86 92 93 87)
        (91 90 96 97)
        (92 98 99 93)
        (97 96 102 103)
        (98 104 105 99)
        (103 102 108 109)
        (104 110 111 105)
        (109 108 114 115)
        (110 116 117 111)
        (115 114 120 121)
        (116 122 123 117)
        (121 120 126 127)
        (122 128 129 123)
        (127 126 132 133)
        (128 134 135 129)
        (133 132 138 139)
        (134 140 141 135)
        (139 138 144 145)
        (140 146 147 141)
        );
    }
    heatedBase
    {
        type wall;
        faces
        (
        (4 5 11 10)
        (10 11 17 16)
        (16 17 23 22)
        (22 23 29 28)
        (28 29 35 34)
        (34 35 41 40)
        (40 41 47 46)
        (46 47 53 52)
        (52 53 59 58)
        (58 59 65 64)
        (64 65 71 70)
        (70 71 77 76)
        (76 77 83 82)
        (82 83 89 88)
        (88 89 95 94)
        (94 95 101 100)
        (100 101 107 106)
        (106 107 113 112)
        (112 113 119 118)
        (118 119 125 124)
        (124 125 131 130)
        (130 131 137 136)
        (136 137 143 142)
        (142 143 149 148)
        );
    }
    solidSides
    {
        type wall;
        faces
        (
        (0 4 10 6)
        (3 9 11 5)
        (6 10 16 12)
        (9 15 17 11)
        (12 16 22 18)
        (15 21 23 17)
        (18 22 28 24)
        (21 27 29 23)
        (24 28 34 30)
        (27 33 35 29)
        (30 34 40 36)
        (33 39 41 35)
        (36 40 46 42)
        (39 45 47 41)
        (42 46 52 48)
        (45 51 53 47)
        (48 52 58 54)
        (51 57 59 53)
        (54 58 64 60)
        (57 63 65 59)
        (60 64 70 66)
        (63 69 71 65)
        (66 70 76 72)
        (69 75 77 71)
        (72 76 82 78)
        (75 81 83 77)
        (78 82 88 84)
        (81 87 89 83)
        (84 88 94 90)
        (87 93 95 89)
        (90 94 100 96)
        (93 99 101 95)
        (96 100 106 102)
        (99 105 107 101)
        (102 106 112 108)
        (105 111 113 107)
        (108 112 118 114)
        (111 117 119 113)
        (114 118 124 120)
        (117 123 125 119)
        (120 124 130 126)
        (123 129 131 125)
        (126 130 136 132)
        (129 135 137 131)
        (132 136 142 138)
        (135 141 143 137)
        (138 142 148 144)
        (141 147 149 143)
        (0 3 5 4)
        (144 148 149 147)
        );
    }
);
mergePatchPairs ();
