576
(
(0 -0.0076666667 -0.014375)
(0 -0.007 -0.014375)
(0 -0.0063333333 -0.014375)
(0 -0.0056666667 -0.014375)
(0 -0.005 -0.014375)
(0 -0.0043333333 -0.014375)
(0 -0.0036666667 -0.014375)
(0 -0.003 -0.014375)
(0 -0.0023333333 -0.014375)
(0 -0.0016666667 -0.014375)
(0 -0.001 -0.014375)
(0 -0.00033333333 -0.014375)
(0 0.00033333333 -0.014375)
(0 0.001 -0.014375)
(0 0.0016666667 -0.014375)
(0 0.0023333333 -0.014375)
(0 0.003 -0.014375)
(0 0.0036666667 -0.014375)
(0 0.0043333333 -0.014375)
(0 0.005 -0.014375)
(0 0.0056666667 -0.014375)
(0 0.0063333333 -0.014375)
(0 0.007 -0.014375)
(0 0.0076666667 -0.014375)
(0 -0.0076666667 -0.013125)
(0 -0.007 -0.013125)
(0 -0.0063333333 -0.013125)
(0 -0.0056666667 -0.013125)
(0 -0.005 -0.013125)
(0 -0.0043333333 -0.013125)
(0 -0.0036666667 -0.013125)
(0 -0.003 -0.013125)
(0 -0.0023333333 -0.013125)
(0 -0.0016666667 -0.013125)
(0 -0.001 -0.013125)
(0 -0.00033333333 -0.013125)
(0 0.00033333333 -0.013125)
(0 0.001 -0.013125)
(0 0.0016666667 -0.013125)
(0 0.0023333333 -0.013125)
(0 0.003 -0.013125)
(0 0.0036666667 -0.013125)
(0 0.0043333333 -0.013125)
(0 0.005 -0.013125)
(0 0.0056666667 -0.013125)
(0 0.0063333333 -0.013125)
(0 0.007 -0.013125)
(0 0.0076666667 -0.013125)
(0 -0.0076666667 -0.011875)
(0 -0.007 -0.011875)
(0 -0.0063333333 -0.011875)
(0 -0.0056666667 -0.011875)
(0 -0.005 -0.011875)
(0 -0.0043333333 -0.011875)
(0 -0.0036666667 -0.011875)
(0 -0.003 -0.011875)
(0 -0.0023333333 -0.011875)
(0 -0.0016666667 -0.011875)
(0 -0.001 -0.011875)
(0 -0.00033333333 -0.011875)
(0 0.00033333333 -0.011875)
(0 0.001 -0.011875)
(0 0.0016666667 -0.011875)
(0 0.0023333333 -0.011875)
(0 0.003 -0.011875)
(0 0.0036666667 -0.011875)
(0 0.0043333333 -0.011875)
(0 0.005 -0.011875)
(0 0.0056666667 -0.011875)
(0 0.0063333333 -0.011875)
(0 0.007 -0.011875)
(0 0.0076666667 -0.011875)
(0 -0.0076666667 -0.010625)
(0 -0.007 -0.010625)
(0 -0.0063333333 -0.010625)
(0 -0.0056666667 -0.010625)
(0 -0.005 -0.010625)
(0 -0.0043333333 -0.010625)
(0 -0.0036666667 -0.010625)
(0 -0.003 -0.010625)
(0 -0.0023333333 -0.010625)
(0 -0.0016666667 -0.010625)
(0 -0.001 -0.010625)
(0 -0.00033333333 -0.010625)
(0 0.00033333333 -0.010625)
(0 0.001 -0.010625)
(0 0.0016666667 -0.010625)
(0 0.0023333333 -0.010625)
(0 0.003 -0.010625)
(0 0.0036666667 -0.010625)
(0 0.0043333333 -0.010625)
(0 0.005 -0.010625)
(0 0.0056666667 -0.010625)
(0 0.0063333333 -0.010625)
(0 0.007 -0.010625)
(0 0.0076666667 -0.010625)
(0 -0.0076666667 -0.009375)
(0 -0.007 -0.009375)
(0 -0.0063333333 -0.009375)
(0 -0.0056666667 -0.009375)
(0 -0.005 -0.009375)
(0 -0.0043333333 -0.009375)
(0 -0.0036666667 -0.009375)
(0 -0.003 -0.009375)
(0 -0.0023333333 -0.009375)
(0 -0.0016666667 -0.009375)
(0 -0.001 -0.009375)
(0 -0.00033333333 -0.009375)
(0 0.00033333333 -0.009375)
(0 0.001 -0.009375)
(0 0.0016666667 -0.009375)
(0 0.0023333333 -0.009375)
(0 0.003 -0.009375)
(0 0.0036666667 -0.009375)
(0 0.0043333333 -0.009375)
(0 0.005 -0.009375)
(0 0.0056666667 -0.009375)
(0 0.0063333333 -0.009375)
(0 0.007 -0.009375)
(0 0.0076666667 -0.009375)
(0 -0.0076666667 -0.008125)
(0 -0.007 -0.008125)
(0 -0.0063333333 -0.008125)
(0 -0.0056666667 -0.008125)
(0 -0.005 -0.008125)
(0 -0.0043333333 -0.008125)
(0 -0.0036666667 -0.008125)
(0 -0.003 -0.008125)
(0 -0.0023333333 -0.008125)
(0 -0.0016666667 -0.008125)
(0 -0.001 -0.008125)
(0 -0.00033333333 -0.008125)
(0 0.00033333333 -0.008125)
(0 0.001 -0.008125)
(0 0.0016666667 -0.008125)
(0 0.0023333333 -0.008125)
(0 0.003 -0.008125)
(0 0.0036666667 -0.008125)
(0 0.0043333333 -0.008125)
(0 0.005 -0.008125)
(0 0.0056666667 -0.008125)
(0 0.0063333333 -0.008125)
(0 0.007 -0.008125)
(0 0.0076666667 -0.008125)
(0 -0.0076666667 -0.006875)
(0 -0.007 -0.006875)
(0 -0.0063333333 -0.006875)
(0 -0.0056666667 -0.006875)
(0 -0.005 -0.006875)
(0 -0.0043333333 -0.006875)
(0 -0.0036666667 -0.006875)
(0 -0.003 -0.006875)
(0 -0.0023333333 -0.006875)
(0 -0.0016666667 -0.006875)
(0 -0.001 -0.006875)
(0 -0.00033333333 -0.006875)
(0 0.00033333333 -0.006875)
(0 0.001 -0.006875)
(0 0.0016666667 -0.006875)
(0 0.0023333333 -0.006875)
(0 0.003 -0.006875)
(0 0.0036666667 -0.006875)
(0 0.0043333333 -0.006875)
(0 0.005 -0.006875)
(0 0.0056666667 -0.006875)
(0 0.0063333333 -0.006875)
(0 0.007 -0.006875)
(0 0.0076666667 -0.006875)
(0 -0.0076666667 -0.005625)
(0 -0.007 -0.005625)
(0 -0.0063333333 -0.005625)
(0 -0.0056666667 -0.005625)
(0 -0.005 -0.005625)
(0 -0.0043333333 -0.005625)
(0 -0.0036666667 -0.005625)
(0 -0.003 -0.005625)
(0 -0.0023333333 -0.005625)
(0 -0.0016666667 -0.005625)
(0 -0.001 -0.005625)
(0 -0.00033333333 -0.005625)
(0 0.00033333333 -0.005625)
(0 0.001 -0.005625)
(0 0.0016666667 -0.005625)
(0 0.0023333333 -0.005625)
(0 0.003 -0.005625)
(0 0.0036666667 -0.005625)
(0 0.0043333333 -0.005625)
(0 0.005 -0.005625)
(0 0.0056666667 -0.005625)
(0 0.0063333333 -0.005625)
(0 0.007 -0.005625)
(0 0.0076666667 -0.005625)
(0 -0.0076666667 -0.004375)
(0 -0.007 -0.004375)
(0 -0.0063333333 -0.004375)
(0 -0.0056666667 -0.004375)
(0 -0.005 -0.004375)
(0 -0.0043333333 -0.004375)
(0 -0.0036666667 -0.004375)
(0 -0.003 -0.004375)
(0 -0.0023333333 -0.004375)
(0 -0.0016666667 -0.004375)
(0 -0.001 -0.004375)
(0 -0.00033333333 -0.004375)
(0 0.00033333333 -0.004375)
(0 0.001 -0.004375)
(0 0.0016666667 -0.004375)
(0 0.0023333333 -0.004375)
(0 0.003 -0.004375)
(0 0.0036666667 -0.004375)
(0 0.0043333333 -0.004375)
(0 0.005 -0.004375)
(0 0.0056666667 -0.004375)
(0 0.0063333333 -0.004375)
(0 0.007 -0.004375)
(0 0.0076666667 -0.004375)
(0 -0.0076666667 -0.003125)
(0 -0.007 -0.003125)
(0 -0.0063333333 -0.003125)
(0 -0.0056666667 -0.003125)
(0 -0.005 -0.003125)
(0 -0.0043333333 -0.003125)
(0 -0.0036666667 -0.003125)
(0 -0.003 -0.003125)
(0 -0.0023333333 -0.003125)
(0 -0.0016666667 -0.003125)
(0 -0.001 -0.003125)
(0 -0.00033333333 -0.003125)
(0 0.00033333333 -0.003125)
(0 0.001 -0.003125)
(0 0.0016666667 -0.003125)
(0 0.0023333333 -0.003125)
(0 0.003 -0.003125)
(0 0.0036666667 -0.003125)
(0 0.0043333333 -0.003125)
(0 0.005 -0.003125)
(0 0.0056666667 -0.003125)
(0 0.0063333333 -0.003125)
(0 0.007 -0.003125)
(0 0.0076666667 -0.003125)
(0 -0.0076666667 -0.001875)
(0 -0.007 -0.001875)
(0 -0.0063333333 -0.001875)
(0 -0.0056666667 -0.001875)
(0 -0.005 -0.001875)
(0 -0.0043333333 -0.001875)
(0 -0.0036666667 -0.001875)
(0 -0.003 -0.001875)
(0 -0.0023333333 -0.001875)
(0 -0.0016666667 -0.001875)
(0 -0.001 -0.001875)
(0 -0.00033333333 -0.001875)
(0 0.00033333333 -0.001875)
(0 0.001 -0.001875)
(0 0.0016666667 -0.001875)
(0 0.0023333333 -0.001875)
(0 0.003 -0.001875)
(0 0.0036666667 -0.001875)
(0 0.0043333333 -0.001875)
(0 0.005 -0.001875)
(0 0.0056666667 -0.001875)
(0 0.0063333333 -0.001875)
(0 0.007 -0.001875)
(0 0.0076666667 -0.001875)
(0 -0.0076666667 -0.000625)
(0 -0.007 -0.000625)
(0 -0.0063333333 -0.000625)
(0 -0.0056666667 -0.000625)
(0 -0.005 -0.000625)
(0 -0.0043333333 -0.000625)
(0 -0.0036666667 -0.000625)
(0 -0.003 -0.000625)
(0 -0.0023333333 -0.000625)
(0 -0.0016666667 -0.000625)
(0 -0.001 -0.000625)
(0 -0.00033333333 -0.000625)
(0 0.00033333333 -0.000625)
(0 0.001 -0.000625)
(0 0.0016666667 -0.000625)
(0 0.0023333333 -0.000625)
(0 0.003 -0.000625)
(0 0.0036666667 -0.000625)
(0 0.0043333333 -0.000625)
(0 0.005 -0.000625)
(0 0.0056666667 -0.000625)
(0 0.0063333333 -0.000625)
(0 0.007 -0.000625)
(0 0.0076666667 -0.000625)
(0 -0.0076666667 0.000625)
(0 -0.007 0.000625)
(0 -0.0063333333 0.000625)
(0 -0.0056666667 0.000625)
(0 -0.005 0.000625)
(0 -0.0043333333 0.000625)
(0 -0.0036666667 0.000625)
(0 -0.003 0.000625)
(0 -0.0023333333 0.000625)
(0 -0.0016666667 0.000625)
(0 -0.001 0.000625)
(0 -0.00033333333 0.000625)
(0 0.00033333333 0.000625)
(0 0.001 0.000625)
(0 0.0016666667 0.000625)
(0 0.0023333333 0.000625)
(0 0.003 0.000625)
(0 0.0036666667 0.000625)
(0 0.0043333333 0.000625)
(0 0.005 0.000625)
(0 0.0056666667 0.000625)
(0 0.0063333333 0.000625)
(0 0.007 0.000625)
(0 0.0076666667 0.000625)
(0 -0.0076666667 0.001875)
(0 -0.007 0.001875)
(0 -0.0063333333 0.001875)
(0 -0.0056666667 0.001875)
(0 -0.005 0.001875)
(0 -0.0043333333 0.001875)
(0 -0.0036666667 0.001875)
(0 -0.003 0.001875)
(0 -0.0023333333 0.001875)
(0 -0.0016666667 0.001875)
(0 -0.001 0.001875)
(0 -0.00033333333 0.001875)
(0 0.00033333333 0.001875)
(0 0.001 0.001875)
(0 0.0016666667 0.001875)
(0 0.0023333333 0.001875)
(0 0.003 0.001875)
(0 0.0036666667 0.001875)
(0 0.0043333333 0.001875)
(0 0.005 0.001875)
(0 0.0056666667 0.001875)
(0 0.0063333333 0.001875)
(0 0.007 0.001875)
(0 0.0076666667 0.001875)
(0 -0.0076666667 0.003125)
(0 -0.007 0.003125)
(0 -0.0063333333 0.003125)
(0 -0.0056666667 0.003125)
(0 -0.005 0.003125)
(0 -0.0043333333 0.003125)
(0 -0.0036666667 0.003125)
(0 -0.003 0.003125)
(0 -0.0023333333 0.003125)
(0 -0.0016666667 0.003125)
(0 -0.001 0.003125)
(0 -0.00033333333 0.003125)
(0 0.00033333333 0.003125)
(0 0.001 0.003125)
(0 0.0016666667 0.003125)
(0 0.0023333333 0.003125)
(0 0.003 0.003125)
(0 0.0036666667 0.003125)
(0 0.0043333333 0.003125)
(0 0.005 0.003125)
(0 0.0056666667 0.003125)
(0 0.0063333333 0.003125)
(0 0.007 0.003125)
(0 0.0076666667 0.003125)
(0 -0.0076666667 0.004375)
(0 -0.007 0.004375)
(0 -0.0063333333 0.004375)
(0 -0.0056666667 0.004375)
(0 -0.005 0.004375)
(0 -0.0043333333 0.004375)
(0 -0.0036666667 0.004375)
(0 -0.003 0.004375)
(0 -0.0023333333 0.004375)
(0 -0.0016666667 0.004375)
(0 -0.001 0.004375)
(0 -0.00033333333 0.004375)
(0 0.00033333333 0.004375)
(0 0.001 0.004375)
(0 0.0016666667 0.004375)
(0 0.0023333333 0.004375)
(0 0.003 0.004375)
(0 0.0036666667 0.004375)
(0 0.0043333333 0.004375)
(0 0.005 0.004375)
(0 0.0056666667 0.004375)
(0 0.0063333333 0.004375)
(0 0.007 0.004375)
(0 0.0076666667 0.004375)
(0 -0.0076666667 0.005625)
(0 -0.007 0.005625)
(0 -0.0063333333 0.005625)
(0 -0.0056666667 0.005625)
(0 -0.005 0.005625)
(0 -0.0043333333 0.005625)
(0 -0.0036666667 0.005625)
(0 -0.003 0.005625)
(0 -0.0023333333 0.005625)
(0 -0.0016666667 0.005625)
(0 -0.001 0.005625)
(0 -0.00033333333 0.005625)
(0 0.00033333333 0.005625)
(0 0.001 0.005625)
(0 0.0016666667 0.005625)
(0 0.0023333333 0.005625)
(0 0.003 0.005625)
(0 0.0036666667 0.005625)
(0 0.0043333333 0.005625)
(0 0.005 0.005625)
(0 0.0056666667 0.005625)
(0 0.0063333333 0.005625)
(0 0.007 0.005625)
(0 0.0076666667 0.005625)
(0 -0.0076666667 0.006875)
(0 -0.007 0.006875)
(0 -0.0063333333 0.006875)
(0 -0.0056666667 0.006875)
(0 -0.005 0.006875)
(0 -0.0043333333 0.006875)
(0 -0.0036666667 0.006875)
(0 -0.003 0.006875)
(0 -0.0023333333 0.006875)
(0 -0.0016666667 0.006875)
(0 -0.001 0.006875)
(0 -0.00033333333 0.006875)
(0 0.00033333333 0.006875)
(0 0.001 0.006875)
(0 0.0016666667 0.006875)
(0 0.0023333333 0.006875)
(0 0.003 0.006875)
(0 0.0036666667 0.006875)
(0 0.0043333333 0.006875)
(0 0.005 0.006875)
(0 0.0056666667 0.006875)
(0 0.0063333333 0.006875)
(0 0.007 0.006875)
(0 0.0076666667 0.006875)
(0 -0.0076666667 0.008125)
(0 -0.007 0.008125)
(0 -0.0063333333 0.008125)
(0 -0.0056666667 0.008125)
(0 -0.005 0.008125)
(0 -0.0043333333 0.008125)
(0 -0.0036666667 0.008125)
(0 -0.003 0.008125)
(0 -0.0023333333 0.008125)
(0 -0.0016666667 0.008125)
(0 -0.001 0.008125)
(0 -0.00033333333 0.008125)
(0 0.00033333333 0.008125)
(0 0.001 0.008125)
(0 0.0016666667 0.008125)
(0 0.0023333333 0.008125)
(0 0.003 0.008125)
(0 0.0036666667 0.008125)
(0 0.0043333333 0.008125)
(0 0.005 0.008125)
(0 0.0056666667 0.008125)
(0 0.0063333333 0.008125)
(0 0.007 0.008125)
(0 0.0076666667 0.008125)
(0 -0.0076666667 0.009375)
(0 -0.007 0.009375)
(0 -0.0063333333 0.009375)
(0 -0.0056666667 0.009375)
(0 -0.005 0.009375)
(0 -0.0043333333 0.009375)
(0 -0.0036666667 0.009375)
(0 -0.003 0.009375)
(0 -0.0023333333 0.009375)
(0 -0.0016666667 0.009375)
(0 -0.001 0.009375)
(0 -0.00033333333 0.009375)
(0 0.00033333333 0.009375)
(0 0.001 0.009375)
(0 0.0016666667 0.009375)
(0 0.0023333333 0.009375)
(0 0.003 0.009375)
(0 0.0036666667 0.009375)
(0 0.0043333333 0.009375)
(0 0.005 0.009375)
(0 0.0056666667 0.009375)
(0 0.0063333333 0.009375)
(0 0.007 0.009375)
(0 0.0076666667 0.009375)
(0 -0.0076666667 0.010625)
(0 -0.007 0.010625)
(0 -0.0063333333 0.010625)
(0 -0.0056666667 0.010625)
(0 -0.005 0.010625)
(0 -0.0043333333 0.010625)
(0 -0.0036666667 0.010625)
(0 -0.003 0.010625)
(0 -0.0023333333 0.010625)
(0 -0.0016666667 0.010625)
(0 -0.001 0.010625)
(0 -0.00033333333 0.010625)
(0 0.00033333333 0.010625)
(0 0.001 0.010625)
(0 0.0016666667 0.010625)
(0 0.0023333333 0.010625)
(0 0.003 0.010625)
(0 0.0036666667 0.010625)
(0 0.0043333333 0.010625)
(0 0.005 0.010625)
(0 0.0056666667 0.010625)
(0 0.0063333333 0.010625)
(0 0.007 0.010625)
(0 0.0076666667 0.010625)
(0 -0.0076666667 0.011875)
(0 -0.007 0.011875)
(0 -0.0063333333 0.011875)
(0 -0.0056666667 0.011875)
(0 -0.005 0.011875)
(0 -0.0043333333 0.011875)
(0 -0.0036666667 0.011875)
(0 -0.003 0.011875)
(0 -0.0023333333 0.011875)
(0 -0.0016666667 0.011875)
(0 -0.001 0.011875)
(0 -0.00033333333 0.011875)
(0 0.00033333333 0.011875)
(0 0.001 0.011875)
(0 0.0016666667 0.011875)
(0 0.0023333333 0.011875)
(0 0.003 0.011875)
(0 0.0036666667 0.011875)
(0 0.0043333333 0.011875)
(0 0.005 0.011875)
(0 0.0056666667 0.011875)
(0 0.0063333333 0.011875)
(0 0.007 0.011875)
(0 0.0076666667 0.011875)
(0 -0.0076666667 0.013125)
(0 -0.007 0.013125)
(0 -0.0063333333 0.013125)
(0 -0.0056666667 0.013125)
(0 -0.005 0.013125)
(0 -0.0043333333 0.013125)
(0 -0.0036666667 0.013125)
(0 -0.003 0.013125)
(0 -0.0023333333 0.013125)
(0 -0.0016666667 0.013125)
(0 -0.001 0.013125)
(0 -0.00033333333 0.013125)
(0 0.00033333333 0.013125)
(0 0.001 0.013125)
(0 0.0016666667 0.013125)
(0 0.0023333333 0.013125)
(0 0.003 0.013125)
(0 0.0036666667 0.013125)
(0 0.0043333333 0.013125)
(0 0.005 0.013125)
(0 0.0056666667 0.013125)
(0 0.0063333333 0.013125)
(0 0.007 0.013125)
(0 0.0076666667 0.013125)
(0 -0.0076666667 0.014375)
(0 -0.007 0.014375)
(0 -0.0063333333 0.014375)
(0 -0.0056666667 0.014375)
(0 -0.005 0.014375)
(0 -0.0043333333 0.014375)
(0 -0.0036666667 0.014375)
(0 -0.003 0.014375)
(0 -0.0023333333 0.014375)
(0 -0.0016666667 0.014375)
(0 -0.001 0.014375)
(0 -0.00033333333 0.014375)
(0 0.00033333333 0.014375)
(0 0.001 0.014375)
(0 0.0016666667 0.014375)
(0 0.0023333333 0.014375)
(0 0.003 0.014375)
(0 0.0036666667 0.014375)
(0 0.0043333333 0.014375)
(0 0.005 0.014375)
(0 0.0056666667 0.014375)
(0 0.0063333333 0.014375)
(0 0.007 0.014375)
(0 0.0076666667 0.014375)
)
