576
(
(0.00044178582 -5.3204791e-07 5.169009e-07 2.4484601e-08 6.2983022e-10 0.00012072026)
(0.079055403 -0.0081448687 -6.9930737e-06 0.0038363894 4.3438085e-05 0.014052853)
(0.041878271 -0.0083928268 -0.00032955346 0.0073972224 0.00015177718 0.013420803)
(0.028408544 -0.0075860499 -0.00036950293 0.0078542955 0.00021960302 0.011921859)
(0.022182453 -0.0068009461 -0.00040229818 0.0074080159 0.00018029392 0.010266796)
(0.018545903 -0.0059582704 -0.00020216311 0.0068689543 0.00011508229 0.0084938968)
(0.015245046 -0.005086548 0.00046413523 0.0060991494 3.4271988e-05 0.0074526818)
(0.01266655 -0.0042661461 0.00043449077 0.0052765236 5.0549878e-05 0.0060713413)
(0.010755772 -0.0033615471 0.00013687307 0.0044809798 5.3509795e-05 0.0050300375)
(0.0085458311 -0.0023534511 -8.2283558e-05 0.0039627522 0.00012905818 0.0042009092)
(0.006972352 -0.0013887487 -0.00029681709 0.0036480199 0.00013330677 0.0035933327)
(0.006312223 -0.00044210846 -0.00041460238 0.0034960577 8.8968787e-05 0.0031755828)
(0.0063817484 0.00056594356 -0.00025782506 0.0035389964 4.6995568e-05 0.0030671058)
(0.0071900033 0.0014947665 -6.2083493e-05 0.0037389425 4.7609408e-05 0.0034779033)
(0.0086332963 0.0023992078 4.9019598e-05 0.0041619306 4.4591572e-05 0.0042481145)
(0.010564759 0.0033233372 0.00015480052 0.0048302892 6.3910883e-05 0.0052551235)
(0.013228782 0.0042600516 0.00039844872 0.0055546142 0.0001068839 0.006205244)
(0.016525183 0.0052326857 0.00041033002 0.0063662359 0.00011395896 0.0071599088)
(0.019544981 0.0061404186 5.7426878e-05 0.0071229556 0.00012324959 0.0086765456)
(0.023290626 0.006917863 7.4850221e-05 0.0077505683 4.7141277e-05 0.010632033)
(0.030297229 0.0079146386 0.00018146642 0.0081939747 0.00015608549 0.012488294)
(0.044184139 0.0087476365 5.6932619e-05 0.0075766156 5.8634612e-05 0.013661922)
(0.082063372 0.0086328179 5.6388108e-05 0.0039212285 -2.0116343e-05 0.013759943)
(0.00046399919 5.3007638e-07 -3.7130485e-06 2.4107392e-08 3.7405505e-09 0.00012257304)
(0.00044178582 -5.3204791e-07 5.169009e-07 2.4484601e-08 6.2983022e-10 0.00012072026)
(0.079055403 -0.0081448687 -6.9930737e-06 0.0038363894 4.3438085e-05 0.014052853)
(0.041878271 -0.0083928268 -0.00032955346 0.0073972224 0.00015177718 0.013420803)
(0.028408544 -0.0075860499 -0.00036950293 0.0078542955 0.00021960302 0.011921859)
(0.022182453 -0.0068009461 -0.00040229818 0.0074080159 0.00018029392 0.010266796)
(0.018545903 -0.0059582704 -0.00020216311 0.0068689543 0.00011508229 0.0084938968)
(0.015245046 -0.005086548 0.00046413523 0.0060991494 3.4271988e-05 0.0074526818)
(0.01266655 -0.0042661461 0.00043449077 0.0052765236 5.0549878e-05 0.0060713413)
(0.010755772 -0.0033615471 0.00013687307 0.0044809798 5.3509795e-05 0.0050300375)
(0.0085458311 -0.0023534511 -8.2283558e-05 0.0039627522 0.00012905818 0.0042009092)
(0.006972352 -0.0013887487 -0.00029681709 0.0036480199 0.00013330677 0.0035933327)
(0.006312223 -0.00044210846 -0.00041460238 0.0034960577 8.8968787e-05 0.0031755828)
(0.0063817484 0.00056594356 -0.00025782506 0.0035389964 4.6995568e-05 0.0030671058)
(0.0071900033 0.0014947665 -6.2083493e-05 0.0037389425 4.7609408e-05 0.0034779033)
(0.0086332963 0.0023992078 4.9019598e-05 0.0041619306 4.4591572e-05 0.0042481145)
(0.010564759 0.0033233372 0.00015480052 0.0048302892 6.3910883e-05 0.0052551235)
(0.013228782 0.0042600516 0.00039844872 0.0055546142 0.0001068839 0.006205244)
(0.016525183 0.0052326857 0.00041033002 0.0063662359 0.00011395896 0.0071599088)
(0.019544981 0.0061404186 5.7426878e-05 0.0071229556 0.00012324959 0.0086765456)
(0.023290626 0.006917863 7.4850221e-05 0.0077505683 4.7141277e-05 0.010632033)
(0.030297229 0.0079146386 0.00018146642 0.0081939747 0.00015608549 0.012488294)
(0.044184139 0.0087476365 5.6932619e-05 0.0075766156 5.8634612e-05 0.013661922)
(0.082063372 0.0086328179 5.6388108e-05 0.0039212285 -2.0116343e-05 0.013759943)
(0.00046399919 5.3007638e-07 -3.7130485e-06 2.4107392e-08 3.7405505e-09 0.00012257304)
(0.00044178582 -5.3204791e-07 5.169009e-07 2.4484601e-08 6.2983022e-10 0.00012072026)
(0.079055403 -0.0081448687 -6.9930737e-06 0.0038363894 4.3438085e-05 0.014052853)
(0.041878271 -0.0083928268 -0.00032955346 0.0073972224 0.00015177718 0.013420803)
(0.028408544 -0.0075860499 -0.00036950293 0.0078542955 0.00021960302 0.011921859)
(0.022182453 -0.0068009461 -0.00040229818 0.0074080159 0.00018029392 0.010266796)
(0.018545903 -0.0059582704 -0.00020216311 0.0068689543 0.00011508229 0.0084938968)
(0.015245046 -0.005086548 0.00046413523 0.0060991494 3.4271988e-05 0.0074526818)
(0.01266655 -0.0042661461 0.00043449077 0.0052765236 5.0549878e-05 0.0060713413)
(0.010755772 -0.0033615471 0.00013687307 0.0044809798 5.3509795e-05 0.0050300375)
(0.0085458311 -0.0023534511 -8.2283558e-05 0.0039627522 0.00012905818 0.0042009092)
(0.006972352 -0.0013887487 -0.00029681709 0.0036480199 0.00013330677 0.0035933327)
(0.006312223 -0.00044210846 -0.00041460238 0.0034960577 8.8968787e-05 0.0031755828)
(0.0063817484 0.00056594356 -0.00025782506 0.0035389964 4.6995568e-05 0.0030671058)
(0.0071900033 0.0014947665 -6.2083493e-05 0.0037389425 4.7609408e-05 0.0034779033)
(0.0086332963 0.0023992078 4.9019598e-05 0.0041619306 4.4591572e-05 0.0042481145)
(0.010564759 0.0033233372 0.00015480052 0.0048302892 6.3910883e-05 0.0052551235)
(0.013228782 0.0042600516 0.00039844872 0.0055546142 0.0001068839 0.006205244)
(0.016525183 0.0052326857 0.00041033002 0.0063662359 0.00011395896 0.0071599088)
(0.019544981 0.0061404186 5.7426878e-05 0.0071229556 0.00012324959 0.0086765456)
(0.023290626 0.006917863 7.4850221e-05 0.0077505683 4.7141277e-05 0.010632033)
(0.030297229 0.0079146386 0.00018146642 0.0081939747 0.00015608549 0.012488294)
(0.044184139 0.0087476365 5.6932619e-05 0.0075766156 5.8634612e-05 0.013661922)
(0.082063372 0.0086328179 5.6388108e-05 0.0039212285 -2.0116343e-05 0.013759943)
(0.00046399919 5.3007638e-07 -3.7130485e-06 2.4107392e-08 3.7405505e-09 0.00012257304)
(0.00044178582 -5.3204791e-07 5.169009e-07 2.4484601e-08 6.2983022e-10 0.00012072026)
(0.079055403 -0.0081448687 -6.9930737e-06 0.0038363894 4.3438085e-05 0.014052853)
(0.041878271 -0.0083928268 -0.00032955346 0.0073972224 0.00015177718 0.013420803)
(0.028408544 -0.0075860499 -0.00036950293 0.0078542955 0.00021960302 0.011921859)
(0.022182453 -0.0068009461 -0.00040229818 0.0074080159 0.00018029392 0.010266796)
(0.018545903 -0.0059582704 -0.00020216311 0.0068689543 0.00011508229 0.0084938968)
(0.015245046 -0.005086548 0.00046413523 0.0060991494 3.4271988e-05 0.0074526818)
(0.01266655 -0.0042661461 0.00043449077 0.0052765236 5.0549878e-05 0.0060713413)
(0.010755772 -0.0033615471 0.00013687307 0.0044809798 5.3509795e-05 0.0050300375)
(0.0085458311 -0.0023534511 -8.2283558e-05 0.0039627522 0.00012905818 0.0042009092)
(0.006972352 -0.0013887487 -0.00029681709 0.0036480199 0.00013330677 0.0035933327)
(0.006312223 -0.00044210846 -0.00041460238 0.0034960577 8.8968787e-05 0.0031755828)
(0.0063817484 0.00056594356 -0.00025782506 0.0035389964 4.6995568e-05 0.0030671058)
(0.0071900033 0.0014947665 -6.2083493e-05 0.0037389425 4.7609408e-05 0.0034779033)
(0.0086332963 0.0023992078 4.9019598e-05 0.0041619306 4.4591572e-05 0.0042481145)
(0.010564759 0.0033233372 0.00015480052 0.0048302892 6.3910883e-05 0.0052551235)
(0.013228782 0.0042600516 0.00039844872 0.0055546142 0.0001068839 0.006205244)
(0.016525183 0.0052326857 0.00041033002 0.0063662359 0.00011395896 0.0071599088)
(0.019544981 0.0061404186 5.7426878e-05 0.0071229556 0.00012324959 0.0086765456)
(0.023290626 0.006917863 7.4850221e-05 0.0077505683 4.7141277e-05 0.010632033)
(0.030297229 0.0079146386 0.00018146642 0.0081939747 0.00015608549 0.012488294)
(0.044184139 0.0087476365 5.6932619e-05 0.0075766156 5.8634612e-05 0.013661922)
(0.082063372 0.0086328179 5.6388108e-05 0.0039212285 -2.0116343e-05 0.013759943)
(0.00046399919 5.3007638e-07 -3.7130485e-06 2.4107392e-08 3.7405505e-09 0.00012257304)
(0.00044178582 -5.3204791e-07 5.169009e-07 2.4484601e-08 6.2983022e-10 0.00012072026)
(0.079055403 -0.0081448687 -6.9930737e-06 0.0038363894 4.3438085e-05 0.014052853)
(0.041878271 -0.0083928268 -0.00032955346 0.0073972224 0.00015177718 0.013420803)
(0.028408544 -0.0075860499 -0.00036950293 0.0078542955 0.00021960302 0.011921859)
(0.022182453 -0.0068009461 -0.00040229818 0.0074080159 0.00018029392 0.010266796)
(0.018545903 -0.0059582704 -0.00020216311 0.0068689543 0.00011508229 0.0084938968)
(0.015245046 -0.005086548 0.00046413523 0.0060991494 3.4271988e-05 0.0074526818)
(0.01266655 -0.0042661461 0.00043449077 0.0052765236 5.0549878e-05 0.0060713413)
(0.010755772 -0.0033615471 0.00013687307 0.0044809798 5.3509795e-05 0.0050300375)
(0.0085458311 -0.0023534511 -8.2283558e-05 0.0039627522 0.00012905818 0.0042009092)
(0.006972352 -0.0013887487 -0.00029681709 0.0036480199 0.00013330677 0.0035933327)
(0.006312223 -0.00044210846 -0.00041460238 0.0034960577 8.8968787e-05 0.0031755828)
(0.0063817484 0.00056594356 -0.00025782506 0.0035389964 4.6995568e-05 0.0030671058)
(0.0071900033 0.0014947665 -6.2083493e-05 0.0037389425 4.7609408e-05 0.0034779033)
(0.0086332963 0.0023992078 4.9019598e-05 0.0041619306 4.4591572e-05 0.0042481145)
(0.010564759 0.0033233372 0.00015480052 0.0048302892 6.3910883e-05 0.0052551235)
(0.013228782 0.0042600516 0.00039844872 0.0055546142 0.0001068839 0.006205244)
(0.016525183 0.0052326857 0.00041033002 0.0063662359 0.00011395896 0.0071599088)
(0.019544981 0.0061404186 5.7426878e-05 0.0071229556 0.00012324959 0.0086765456)
(0.023290626 0.006917863 7.4850221e-05 0.0077505683 4.7141277e-05 0.010632033)
(0.030297229 0.0079146386 0.00018146642 0.0081939747 0.00015608549 0.012488294)
(0.044184139 0.0087476365 5.6932619e-05 0.0075766156 5.8634612e-05 0.013661922)
(0.082063372 0.0086328179 5.6388108e-05 0.0039212285 -2.0116343e-05 0.013759943)
(0.00046399919 5.3007638e-07 -3.7130485e-06 2.4107392e-08 3.7405505e-09 0.00012257304)
(0.00044178582 -5.3204791e-07 5.169009e-07 2.4484601e-08 6.2983022e-10 0.00012072026)
(0.079055403 -0.0081448687 -6.9930737e-06 0.0038363894 4.3438085e-05 0.014052853)
(0.041878271 -0.0083928268 -0.00032955346 0.0073972224 0.00015177718 0.013420803)
(0.028408544 -0.0075860499 -0.00036950293 0.0078542955 0.00021960302 0.011921859)
(0.022182453 -0.0068009461 -0.00040229818 0.0074080159 0.00018029392 0.010266796)
(0.018545903 -0.0059582704 -0.00020216311 0.0068689543 0.00011508229 0.0084938968)
(0.015245046 -0.005086548 0.00046413523 0.0060991494 3.4271988e-05 0.0074526818)
(0.01266655 -0.0042661461 0.00043449077 0.0052765236 5.0549878e-05 0.0060713413)
(0.010755772 -0.0033615471 0.00013687307 0.0044809798 5.3509795e-05 0.0050300375)
(0.0085458311 -0.0023534511 -8.2283558e-05 0.0039627522 0.00012905818 0.0042009092)
(0.006972352 -0.0013887487 -0.00029681709 0.0036480199 0.00013330677 0.0035933327)
(0.006312223 -0.00044210846 -0.00041460238 0.0034960577 8.8968787e-05 0.0031755828)
(0.0063817484 0.00056594356 -0.00025782506 0.0035389964 4.6995568e-05 0.0030671058)
(0.0071900033 0.0014947665 -6.2083493e-05 0.0037389425 4.7609408e-05 0.0034779033)
(0.0086332963 0.0023992078 4.9019598e-05 0.0041619306 4.4591572e-05 0.0042481145)
(0.010564759 0.0033233372 0.00015480052 0.0048302892 6.3910883e-05 0.0052551235)
(0.013228782 0.0042600516 0.00039844872 0.0055546142 0.0001068839 0.006205244)
(0.016525183 0.0052326857 0.00041033002 0.0063662359 0.00011395896 0.0071599088)
(0.019544981 0.0061404186 5.7426878e-05 0.0071229556 0.00012324959 0.0086765456)
(0.023290626 0.006917863 7.4850221e-05 0.0077505683 4.7141277e-05 0.010632033)
(0.030297229 0.0079146386 0.00018146642 0.0081939747 0.00015608549 0.012488294)
(0.044184139 0.0087476365 5.6932619e-05 0.0075766156 5.8634612e-05 0.013661922)
(0.082063372 0.0086328179 5.6388108e-05 0.0039212285 -2.0116343e-05 0.013759943)
(0.00046399919 5.3007638e-07 -3.7130485e-06 2.4107392e-08 3.7405505e-09 0.00012257304)
(0.00044178582 -5.3204791e-07 5.169009e-07 2.4484601e-08 6.2983022e-10 0.00012072026)
(0.079055403 -0.0081448687 -6.9930737e-06 0.0038363894 4.3438085e-05 0.014052853)
(0.041878271 -0.0083928268 -0.00032955346 0.0073972224 0.00015177718 0.013420803)
(0.028408544 -0.0075860499 -0.00036950293 0.0078542955 0.00021960302 0.011921859)
(0.022182453 -0.0068009461 -0.00040229818 0.0074080159 0.00018029392 0.010266796)
(0.018545903 -0.0059582704 -0.00020216311 0.0068689543 0.00011508229 0.0084938968)
(0.015245046 -0.005086548 0.00046413523 0.0060991494 3.4271988e-05 0.0074526818)
(0.01266655 -0.0042661461 0.00043449077 0.0052765236 5.0549878e-05 0.0060713413)
(0.010755772 -0.0033615471 0.00013687307 0.0044809798 5.3509795e-05 0.0050300375)
(0.0085458311 -0.0023534511 -8.2283558e-05 0.0039627522 0.00012905818 0.0042009092)
(0.006972352 -0.0013887487 -0.00029681709 0.0036480199 0.00013330677 0.0035933327)
(0.006312223 -0.00044210846 -0.00041460238 0.0034960577 8.8968787e-05 0.0031755828)
(0.0063817484 0.00056594356 -0.00025782506 0.0035389964 4.6995568e-05 0.0030671058)
(0.0071900033 0.0014947665 -6.2083493e-05 0.0037389425 4.7609408e-05 0.0034779033)
(0.0086332963 0.0023992078 4.9019598e-05 0.0041619306 4.4591572e-05 0.0042481145)
(0.010564759 0.0033233372 0.00015480052 0.0048302892 6.3910883e-05 0.0052551235)
(0.013228782 0.0042600516 0.00039844872 0.0055546142 0.0001068839 0.006205244)
(0.016525183 0.0052326857 0.00041033002 0.0063662359 0.00011395896 0.0071599088)
(0.019544981 0.0061404186 5.7426878e-05 0.0071229556 0.00012324959 0.0086765456)
(0.023290626 0.006917863 7.4850221e-05 0.0077505683 4.7141277e-05 0.010632033)
(0.030297229 0.0079146386 0.00018146642 0.0081939747 0.00015608549 0.012488294)
(0.044184139 0.0087476365 5.6932619e-05 0.0075766156 5.8634612e-05 0.013661922)
(0.082063372 0.0086328179 5.6388108e-05 0.0039212285 -2.0116343e-05 0.013759943)
(0.00046399919 5.3007638e-07 -3.7130485e-06 2.4107392e-08 3.7405505e-09 0.00012257304)
(0.00044178582 -5.3204791e-07 5.169009e-07 2.4484601e-08 6.2983022e-10 0.00012072026)
(0.079055403 -0.0081448687 -6.9930737e-06 0.0038363894 4.3438085e-05 0.014052853)
(0.041878271 -0.0083928268 -0.00032955346 0.0073972224 0.00015177718 0.013420803)
(0.028408544 -0.0075860499 -0.00036950293 0.0078542955 0.00021960302 0.011921859)
(0.022182453 -0.0068009461 -0.00040229818 0.0074080159 0.00018029392 0.010266796)
(0.018545903 -0.0059582704 -0.00020216311 0.0068689543 0.00011508229 0.0084938968)
(0.015245046 -0.005086548 0.00046413523 0.0060991494 3.4271988e-05 0.0074526818)
(0.01266655 -0.0042661461 0.00043449077 0.0052765236 5.0549878e-05 0.0060713413)
(0.010755772 -0.0033615471 0.00013687307 0.0044809798 5.3509795e-05 0.0050300375)
(0.0085458311 -0.0023534511 -8.2283558e-05 0.0039627522 0.00012905818 0.0042009092)
(0.006972352 -0.0013887487 -0.00029681709 0.0036480199 0.00013330677 0.0035933327)
(0.006312223 -0.00044210846 -0.00041460238 0.0034960577 8.8968787e-05 0.0031755828)
(0.0063817484 0.00056594356 -0.00025782506 0.0035389964 4.6995568e-05 0.0030671058)
(0.0071900033 0.0014947665 -6.2083493e-05 0.0037389425 4.7609408e-05 0.0034779033)
(0.0086332963 0.0023992078 4.9019598e-05 0.0041619306 4.4591572e-05 0.0042481145)
(0.010564759 0.0033233372 0.00015480052 0.0048302892 6.3910883e-05 0.0052551235)
(0.013228782 0.0042600516 0.00039844872 0.0055546142 0.0001068839 0.006205244)
(0.016525183 0.0052326857 0.00041033002 0.0063662359 0.00011395896 0.0071599088)
(0.019544981 0.0061404186 5.7426878e-05 0.0071229556 0.00012324959 0.0086765456)
(0.023290626 0.006917863 7.4850221e-05 0.0077505683 4.7141277e-05 0.010632033)
(0.030297229 0.0079146386 0.00018146642 0.0081939747 0.00015608549 0.012488294)
(0.044184139 0.0087476365 5.6932619e-05 0.0075766156 5.8634612e-05 0.013661922)
(0.082063372 0.0086328179 5.6388108e-05 0.0039212285 -2.0116343e-05 0.013759943)
(0.00046399919 5.3007638e-07 -3.7130485e-06 2.4107392e-08 3.7405505e-09 0.00012257304)
(0.00044178582 -5.3204791e-07 5.169009e-07 2.4484601e-08 6.2983022e-10 0.00012072026)
(0.079055403 -0.0081448687 -6.9930737e-06 0.0038363894 4.3438085e-05 0.014052853)
(0.041878271 -0.0083928268 -0.00032955346 0.0073972224 0.00015177718 0.013420803)
(0.028408544 -0.0075860499 -0.00036950293 0.0078542955 0.00021960302 0.011921859)
(0.022182453 -0.0068009461 -0.00040229818 0.0074080159 0.00018029392 0.010266796)
(0.018545903 -0.0059582704 -0.00020216311 0.0068689543 0.00011508229 0.0084938968)
(0.015245046 -0.005086548 0.00046413523 0.0060991494 3.4271988e-05 0.0074526818)
(0.01266655 -0.0042661461 0.00043449077 0.0052765236 5.0549878e-05 0.0060713413)
(0.010755772 -0.0033615471 0.00013687307 0.0044809798 5.3509795e-05 0.0050300375)
(0.0085458311 -0.0023534511 -8.2283558e-05 0.0039627522 0.00012905818 0.0042009092)
(0.006972352 -0.0013887487 -0.00029681709 0.0036480199 0.00013330677 0.0035933327)
(0.006312223 -0.00044210846 -0.00041460238 0.0034960577 8.8968787e-05 0.0031755828)
(0.0063817484 0.00056594356 -0.00025782506 0.0035389964 4.6995568e-05 0.0030671058)
(0.0071900033 0.0014947665 -6.2083493e-05 0.0037389425 4.7609408e-05 0.0034779033)
(0.0086332963 0.0023992078 4.9019598e-05 0.0041619306 4.4591572e-05 0.0042481145)
(0.010564759 0.0033233372 0.00015480052 0.0048302892 6.3910883e-05 0.0052551235)
(0.013228782 0.0042600516 0.00039844872 0.0055546142 0.0001068839 0.006205244)
(0.016525183 0.0052326857 0.00041033002 0.0063662359 0.00011395896 0.0071599088)
(0.019544981 0.0061404186 5.7426878e-05 0.0071229556 0.00012324959 0.0086765456)
(0.023290626 0.006917863 7.4850221e-05 0.0077505683 4.7141277e-05 0.010632033)
(0.030297229 0.0079146386 0.00018146642 0.0081939747 0.00015608549 0.012488294)
(0.044184139 0.0087476365 5.6932619e-05 0.0075766156 5.8634612e-05 0.013661922)
(0.082063372 0.0086328179 5.6388108e-05 0.0039212285 -2.0116343e-05 0.013759943)
(0.00046399919 5.3007638e-07 -3.7130485e-06 2.4107392e-08 3.7405505e-09 0.00012257304)
(0.00044178582 -5.3204791e-07 5.169009e-07 2.4484601e-08 6.2983022e-10 0.00012072026)
(0.079055403 -0.0081448687 -6.9930737e-06 0.0038363894 4.3438085e-05 0.014052853)
(0.041878271 -0.0083928268 -0.00032955346 0.0073972224 0.00015177718 0.013420803)
(0.028408544 -0.0075860499 -0.00036950293 0.0078542955 0.00021960302 0.011921859)
(0.022182453 -0.0068009461 -0.00040229818 0.0074080159 0.00018029392 0.010266796)
(0.018545903 -0.0059582704 -0.00020216311 0.0068689543 0.00011508229 0.0084938968)
(0.015245046 -0.005086548 0.00046413523 0.0060991494 3.4271988e-05 0.0074526818)
(0.01266655 -0.0042661461 0.00043449077 0.0052765236 5.0549878e-05 0.0060713413)
(0.010755772 -0.0033615471 0.00013687307 0.0044809798 5.3509795e-05 0.0050300375)
(0.0085458311 -0.0023534511 -8.2283558e-05 0.0039627522 0.00012905818 0.0042009092)
(0.006972352 -0.0013887487 -0.00029681709 0.0036480199 0.00013330677 0.0035933327)
(0.006312223 -0.00044210846 -0.00041460238 0.0034960577 8.8968787e-05 0.0031755828)
(0.0063817484 0.00056594356 -0.00025782506 0.0035389964 4.6995568e-05 0.0030671058)
(0.0071900033 0.0014947665 -6.2083493e-05 0.0037389425 4.7609408e-05 0.0034779033)
(0.0086332963 0.0023992078 4.9019598e-05 0.0041619306 4.4591572e-05 0.0042481145)
(0.010564759 0.0033233372 0.00015480052 0.0048302892 6.3910883e-05 0.0052551235)
(0.013228782 0.0042600516 0.00039844872 0.0055546142 0.0001068839 0.006205244)
(0.016525183 0.0052326857 0.00041033002 0.0063662359 0.00011395896 0.0071599088)
(0.019544981 0.0061404186 5.7426878e-05 0.0071229556 0.00012324959 0.0086765456)
(0.023290626 0.006917863 7.4850221e-05 0.0077505683 4.7141277e-05 0.010632033)
(0.030297229 0.0079146386 0.00018146642 0.0081939747 0.00015608549 0.012488294)
(0.044184139 0.0087476365 5.6932619e-05 0.0075766156 5.8634612e-05 0.013661922)
(0.082063372 0.0086328179 5.6388108e-05 0.0039212285 -2.0116343e-05 0.013759943)
(0.00046399919 5.3007638e-07 -3.7130485e-06 2.4107392e-08 3.7405505e-09 0.00012257304)
(0.00044178582 -5.3204791e-07 5.169009e-07 2.4484601e-08 6.2983022e-10 0.00012072026)
(0.079055403 -0.0081448687 -6.9930737e-06 0.0038363894 4.3438085e-05 0.014052853)
(0.041878271 -0.0083928268 -0.00032955346 0.0073972224 0.00015177718 0.013420803)
(0.028408544 -0.0075860499 -0.00036950293 0.0078542955 0.00021960302 0.011921859)
(0.022182453 -0.0068009461 -0.00040229818 0.0074080159 0.00018029392 0.010266796)
(0.018545903 -0.0059582704 -0.00020216311 0.0068689543 0.00011508229 0.0084938968)
(0.015245046 -0.005086548 0.00046413523 0.0060991494 3.4271988e-05 0.0074526818)
(0.01266655 -0.0042661461 0.00043449077 0.0052765236 5.0549878e-05 0.0060713413)
(0.010755772 -0.0033615471 0.00013687307 0.0044809798 5.3509795e-05 0.0050300375)
(0.0085458311 -0.0023534511 -8.2283558e-05 0.0039627522 0.00012905818 0.0042009092)
(0.006972352 -0.0013887487 -0.00029681709 0.0036480199 0.00013330677 0.0035933327)
(0.006312223 -0.00044210846 -0.00041460238 0.0034960577 8.8968787e-05 0.0031755828)
(0.0063817484 0.00056594356 -0.00025782506 0.0035389964 4.6995568e-05 0.0030671058)
(0.0071900033 0.0014947665 -6.2083493e-05 0.0037389425 4.7609408e-05 0.0034779033)
(0.0086332963 0.0023992078 4.9019598e-05 0.0041619306 4.4591572e-05 0.0042481145)
(0.010564759 0.0033233372 0.00015480052 0.0048302892 6.3910883e-05 0.0052551235)
(0.013228782 0.0042600516 0.00039844872 0.0055546142 0.0001068839 0.006205244)
(0.016525183 0.0052326857 0.00041033002 0.0063662359 0.00011395896 0.0071599088)
(0.019544981 0.0061404186 5.7426878e-05 0.0071229556 0.00012324959 0.0086765456)
(0.023290626 0.006917863 7.4850221e-05 0.0077505683 4.7141277e-05 0.010632033)
(0.030297229 0.0079146386 0.00018146642 0.0081939747 0.00015608549 0.012488294)
(0.044184139 0.0087476365 5.6932619e-05 0.0075766156 5.8634612e-05 0.013661922)
(0.082063372 0.0086328179 5.6388108e-05 0.0039212285 -2.0116343e-05 0.013759943)
(0.00046399919 5.3007638e-07 -3.7130485e-06 2.4107392e-08 3.7405505e-09 0.00012257304)
(0.00044178582 -5.3204791e-07 5.169009e-07 2.4484601e-08 6.2983022e-10 0.00012072026)
(0.079055403 -0.0081448687 -6.9930737e-06 0.0038363894 4.3438085e-05 0.014052853)
(0.041878271 -0.0083928268 -0.00032955346 0.0073972224 0.00015177718 0.013420803)
(0.028408544 -0.0075860499 -0.00036950293 0.0078542955 0.00021960302 0.011921859)
(0.022182453 -0.0068009461 -0.00040229818 0.0074080159 0.00018029392 0.010266796)
(0.018545903 -0.0059582704 -0.00020216311 0.0068689543 0.00011508229 0.0084938968)
(0.015245046 -0.005086548 0.00046413523 0.0060991494 3.4271988e-05 0.0074526818)
(0.01266655 -0.0042661461 0.00043449077 0.0052765236 5.0549878e-05 0.0060713413)
(0.010755772 -0.0033615471 0.00013687307 0.0044809798 5.3509795e-05 0.0050300375)
(0.0085458311 -0.0023534511 -8.2283558e-05 0.0039627522 0.00012905818 0.0042009092)
(0.006972352 -0.0013887487 -0.00029681709 0.0036480199 0.00013330677 0.0035933327)
(0.006312223 -0.00044210846 -0.00041460238 0.0034960577 8.8968787e-05 0.0031755828)
(0.0063817484 0.00056594356 -0.00025782506 0.0035389964 4.6995568e-05 0.0030671058)
(0.0071900033 0.0014947665 -6.2083493e-05 0.0037389425 4.7609408e-05 0.0034779033)
(0.0086332963 0.0023992078 4.9019598e-05 0.0041619306 4.4591572e-05 0.0042481145)
(0.010564759 0.0033233372 0.00015480052 0.0048302892 6.3910883e-05 0.0052551235)
(0.013228782 0.0042600516 0.00039844872 0.0055546142 0.0001068839 0.006205244)
(0.016525183 0.0052326857 0.00041033002 0.0063662359 0.00011395896 0.0071599088)
(0.019544981 0.0061404186 5.7426878e-05 0.0071229556 0.00012324959 0.0086765456)
(0.023290626 0.006917863 7.4850221e-05 0.0077505683 4.7141277e-05 0.010632033)
(0.030297229 0.0079146386 0.00018146642 0.0081939747 0.00015608549 0.012488294)
(0.044184139 0.0087476365 5.6932619e-05 0.0075766156 5.8634612e-05 0.013661922)
(0.082063372 0.0086328179 5.6388108e-05 0.0039212285 -2.0116343e-05 0.013759943)
(0.00046399919 5.3007638e-07 -3.7130485e-06 2.4107392e-08 3.7405505e-09 0.00012257304)
(0.00044178582 -5.3204791e-07 5.169009e-07 2.4484601e-08 6.2983022e-10 0.00012072026)
(0.079055403 -0.0081448687 -6.9930737e-06 0.0038363894 4.3438085e-05 0.014052853)
(0.041878271 -0.0083928268 -0.00032955346 0.0073972224 0.00015177718 0.013420803)
(0.028408544 -0.0075860499 -0.00036950293 0.0078542955 0.00021960302 0.011921859)
(0.022182453 -0.0068009461 -0.00040229818 0.0074080159 0.00018029392 0.010266796)
(0.018545903 -0.0059582704 -0.00020216311 0.0068689543 0.00011508229 0.0084938968)
(0.015245046 -0.005086548 0.00046413523 0.0060991494 3.4271988e-05 0.0074526818)
(0.01266655 -0.0042661461 0.00043449077 0.0052765236 5.0549878e-05 0.0060713413)
(0.010755772 -0.0033615471 0.00013687307 0.0044809798 5.3509795e-05 0.0050300375)
(0.0085458311 -0.0023534511 -8.2283558e-05 0.0039627522 0.00012905818 0.0042009092)
(0.006972352 -0.0013887487 -0.00029681709 0.0036480199 0.00013330677 0.0035933327)
(0.006312223 -0.00044210846 -0.00041460238 0.0034960577 8.8968787e-05 0.0031755828)
(0.0063817484 0.00056594356 -0.00025782506 0.0035389964 4.6995568e-05 0.0030671058)
(0.0071900033 0.0014947665 -6.2083493e-05 0.0037389425 4.7609408e-05 0.0034779033)
(0.0086332963 0.0023992078 4.9019598e-05 0.0041619306 4.4591572e-05 0.0042481145)
(0.010564759 0.0033233372 0.00015480052 0.0048302892 6.3910883e-05 0.0052551235)
(0.013228782 0.0042600516 0.00039844872 0.0055546142 0.0001068839 0.006205244)
(0.016525183 0.0052326857 0.00041033002 0.0063662359 0.00011395896 0.0071599088)
(0.019544981 0.0061404186 5.7426878e-05 0.0071229556 0.00012324959 0.0086765456)
(0.023290626 0.006917863 7.4850221e-05 0.0077505683 4.7141277e-05 0.010632033)
(0.030297229 0.0079146386 0.00018146642 0.0081939747 0.00015608549 0.012488294)
(0.044184139 0.0087476365 5.6932619e-05 0.0075766156 5.8634612e-05 0.013661922)
(0.082063372 0.0086328179 5.6388108e-05 0.0039212285 -2.0116343e-05 0.013759943)
(0.00046399919 5.3007638e-07 -3.7130485e-06 2.4107392e-08 3.7405505e-09 0.00012257304)
(0.00044178582 -5.3204791e-07 5.169009e-07 2.4484601e-08 6.2983022e-10 0.00012072026)
(0.079055403 -0.0081448687 -6.9930737e-06 0.0038363894 4.3438085e-05 0.014052853)
(0.041878271 -0.0083928268 -0.00032955346 0.0073972224 0.00015177718 0.013420803)
(0.028408544 -0.0075860499 -0.00036950293 0.0078542955 0.00021960302 0.011921859)
(0.022182453 -0.0068009461 -0.00040229818 0.0074080159 0.00018029392 0.010266796)
(0.018545903 -0.0059582704 -0.00020216311 0.0068689543 0.00011508229 0.0084938968)
(0.015245046 -0.005086548 0.00046413523 0.0060991494 3.4271988e-05 0.0074526818)
(0.01266655 -0.0042661461 0.00043449077 0.0052765236 5.0549878e-05 0.0060713413)
(0.010755772 -0.0033615471 0.00013687307 0.0044809798 5.3509795e-05 0.0050300375)
(0.0085458311 -0.0023534511 -8.2283558e-05 0.0039627522 0.00012905818 0.0042009092)
(0.006972352 -0.0013887487 -0.00029681709 0.0036480199 0.00013330677 0.0035933327)
(0.006312223 -0.00044210846 -0.00041460238 0.0034960577 8.8968787e-05 0.0031755828)
(0.0063817484 0.00056594356 -0.00025782506 0.0035389964 4.6995568e-05 0.0030671058)
(0.0071900033 0.0014947665 -6.2083493e-05 0.0037389425 4.7609408e-05 0.0034779033)
(0.0086332963 0.0023992078 4.9019598e-05 0.0041619306 4.4591572e-05 0.0042481145)
(0.010564759 0.0033233372 0.00015480052 0.0048302892 6.3910883e-05 0.0052551235)
(0.013228782 0.0042600516 0.00039844872 0.0055546142 0.0001068839 0.006205244)
(0.016525183 0.0052326857 0.00041033002 0.0063662359 0.00011395896 0.0071599088)
(0.019544981 0.0061404186 5.7426878e-05 0.0071229556 0.00012324959 0.0086765456)
(0.023290626 0.006917863 7.4850221e-05 0.0077505683 4.7141277e-05 0.010632033)
(0.030297229 0.0079146386 0.00018146642 0.0081939747 0.00015608549 0.012488294)
(0.044184139 0.0087476365 5.6932619e-05 0.0075766156 5.8634612e-05 0.013661922)
(0.082063372 0.0086328179 5.6388108e-05 0.0039212285 -2.0116343e-05 0.013759943)
(0.00046399919 5.3007638e-07 -3.7130485e-06 2.4107392e-08 3.7405505e-09 0.00012257304)
(0.00044178582 -5.3204791e-07 5.169009e-07 2.4484601e-08 6.2983022e-10 0.00012072026)
(0.079055403 -0.0081448687 -6.9930737e-06 0.0038363894 4.3438085e-05 0.014052853)
(0.041878271 -0.0083928268 -0.00032955346 0.0073972224 0.00015177718 0.013420803)
(0.028408544 -0.0075860499 -0.00036950293 0.0078542955 0.00021960302 0.011921859)
(0.022182453 -0.0068009461 -0.00040229818 0.0074080159 0.00018029392 0.010266796)
(0.018545903 -0.0059582704 -0.00020216311 0.0068689543 0.00011508229 0.0084938968)
(0.015245046 -0.005086548 0.00046413523 0.0060991494 3.4271988e-05 0.0074526818)
(0.01266655 -0.0042661461 0.00043449077 0.0052765236 5.0549878e-05 0.0060713413)
(0.010755772 -0.0033615471 0.00013687307 0.0044809798 5.3509795e-05 0.0050300375)
(0.0085458311 -0.0023534511 -8.2283558e-05 0.0039627522 0.00012905818 0.0042009092)
(0.006972352 -0.0013887487 -0.00029681709 0.0036480199 0.00013330677 0.0035933327)
(0.006312223 -0.00044210846 -0.00041460238 0.0034960577 8.8968787e-05 0.0031755828)
(0.0063817484 0.00056594356 -0.00025782506 0.0035389964 4.6995568e-05 0.0030671058)
(0.0071900033 0.0014947665 -6.2083493e-05 0.0037389425 4.7609408e-05 0.0034779033)
(0.0086332963 0.0023992078 4.9019598e-05 0.0041619306 4.4591572e-05 0.0042481145)
(0.010564759 0.0033233372 0.00015480052 0.0048302892 6.3910883e-05 0.0052551235)
(0.013228782 0.0042600516 0.00039844872 0.0055546142 0.0001068839 0.006205244)
(0.016525183 0.0052326857 0.00041033002 0.0063662359 0.00011395896 0.0071599088)
(0.019544981 0.0061404186 5.7426878e-05 0.0071229556 0.00012324959 0.0086765456)
(0.023290626 0.006917863 7.4850221e-05 0.0077505683 4.7141277e-05 0.010632033)
(0.030297229 0.0079146386 0.00018146642 0.0081939747 0.00015608549 0.012488294)
(0.044184139 0.0087476365 5.6932619e-05 0.0075766156 5.8634612e-05 0.013661922)
(0.082063372 0.0086328179 5.6388108e-05 0.0039212285 -2.0116343e-05 0.013759943)
(0.00046399919 5.3007638e-07 -3.7130485e-06 2.4107392e-08 3.7405505e-09 0.00012257304)
(0.00044178582 -5.3204791e-07 5.169009e-07 2.4484601e-08 6.2983022e-10 0.00012072026)
(0.079055403 -0.0081448687 -6.9930737e-06 0.0038363894 4.3438085e-05 0.014052853)
(0.041878271 -0.0083928268 -0.00032955346 0.0073972224 0.00015177718 0.013420803)
(0.028408544 -0.0075860499 -0.00036950293 0.0078542955 0.00021960302 0.011921859)
(0.022182453 -0.0068009461 -0.00040229818 0.0074080159 0.00018029392 0.010266796)
(0.018545903 -0.0059582704 -0.00020216311 0.0068689543 0.00011508229 0.0084938968)
(0.015245046 -0.005086548 0.00046413523 0.0060991494 3.4271988e-05 0.0074526818)
(0.01266655 -0.0042661461 0.00043449077 0.0052765236 5.0549878e-05 0.0060713413)
(0.010755772 -0.0033615471 0.00013687307 0.0044809798 5.3509795e-05 0.0050300375)
(0.0085458311 -0.0023534511 -8.2283558e-05 0.0039627522 0.00012905818 0.0042009092)
(0.006972352 -0.0013887487 -0.00029681709 0.0036480199 0.00013330677 0.0035933327)
(0.006312223 -0.00044210846 -0.00041460238 0.0034960577 8.8968787e-05 0.0031755828)
(0.0063817484 0.00056594356 -0.00025782506 0.0035389964 4.6995568e-05 0.0030671058)
(0.0071900033 0.0014947665 -6.2083493e-05 0.0037389425 4.7609408e-05 0.0034779033)
(0.0086332963 0.0023992078 4.9019598e-05 0.0041619306 4.4591572e-05 0.0042481145)
(0.010564759 0.0033233372 0.00015480052 0.0048302892 6.3910883e-05 0.0052551235)
(0.013228782 0.0042600516 0.00039844872 0.0055546142 0.0001068839 0.006205244)
(0.016525183 0.0052326857 0.00041033002 0.0063662359 0.00011395896 0.0071599088)
(0.019544981 0.0061404186 5.7426878e-05 0.0071229556 0.00012324959 0.0086765456)
(0.023290626 0.006917863 7.4850221e-05 0.0077505683 4.7141277e-05 0.010632033)
(0.030297229 0.0079146386 0.00018146642 0.0081939747 0.00015608549 0.012488294)
(0.044184139 0.0087476365 5.6932619e-05 0.0075766156 5.8634612e-05 0.013661922)
(0.082063372 0.0086328179 5.6388108e-05 0.0039212285 -2.0116343e-05 0.013759943)
(0.00046399919 5.3007638e-07 -3.7130485e-06 2.4107392e-08 3.7405505e-09 0.00012257304)
(0.00044178582 -5.3204791e-07 5.169009e-07 2.4484601e-08 6.2983022e-10 0.00012072026)
(0.079055403 -0.0081448687 -6.9930737e-06 0.0038363894 4.3438085e-05 0.014052853)
(0.041878271 -0.0083928268 -0.00032955346 0.0073972224 0.00015177718 0.013420803)
(0.028408544 -0.0075860499 -0.00036950293 0.0078542955 0.00021960302 0.011921859)
(0.022182453 -0.0068009461 -0.00040229818 0.0074080159 0.00018029392 0.010266796)
(0.018545903 -0.0059582704 -0.00020216311 0.0068689543 0.00011508229 0.0084938968)
(0.015245046 -0.005086548 0.00046413523 0.0060991494 3.4271988e-05 0.0074526818)
(0.01266655 -0.0042661461 0.00043449077 0.0052765236 5.0549878e-05 0.0060713413)
(0.010755772 -0.0033615471 0.00013687307 0.0044809798 5.3509795e-05 0.0050300375)
(0.0085458311 -0.0023534511 -8.2283558e-05 0.0039627522 0.00012905818 0.0042009092)
(0.006972352 -0.0013887487 -0.00029681709 0.0036480199 0.00013330677 0.0035933327)
(0.006312223 -0.00044210846 -0.00041460238 0.0034960577 8.8968787e-05 0.0031755828)
(0.0063817484 0.00056594356 -0.00025782506 0.0035389964 4.6995568e-05 0.0030671058)
(0.0071900033 0.0014947665 -6.2083493e-05 0.0037389425 4.7609408e-05 0.0034779033)
(0.0086332963 0.0023992078 4.9019598e-05 0.0041619306 4.4591572e-05 0.0042481145)
(0.010564759 0.0033233372 0.00015480052 0.0048302892 6.3910883e-05 0.0052551235)
(0.013228782 0.0042600516 0.00039844872 0.0055546142 0.0001068839 0.006205244)
(0.016525183 0.0052326857 0.00041033002 0.0063662359 0.00011395896 0.0071599088)
(0.019544981 0.0061404186 5.7426878e-05 0.0071229556 0.00012324959 0.0086765456)
(0.023290626 0.006917863 7.4850221e-05 0.0077505683 4.7141277e-05 0.010632033)
(0.030297229 0.0079146386 0.00018146642 0.0081939747 0.00015608549 0.012488294)
(0.044184139 0.0087476365 5.6932619e-05 0.0075766156 5.8634612e-05 0.013661922)
(0.082063372 0.0086328179 5.6388108e-05 0.0039212285 -2.0116343e-05 0.013759943)
(0.00046399919 5.3007638e-07 -3.7130485e-06 2.4107392e-08 3.7405505e-09 0.00012257304)
(0.00044178582 -5.3204791e-07 5.169009e-07 2.4484601e-08 6.2983022e-10 0.00012072026)
(0.079055403 -0.0081448687 -6.9930737e-06 0.0038363894 4.3438085e-05 0.014052853)
(0.041878271 -0.0083928268 -0.00032955346 0.0073972224 0.00015177718 0.013420803)
(0.028408544 -0.0075860499 -0.00036950293 0.0078542955 0.00021960302 0.011921859)
(0.022182453 -0.0068009461 -0.00040229818 0.0074080159 0.00018029392 0.010266796)
(0.018545903 -0.0059582704 -0.00020216311 0.0068689543 0.00011508229 0.0084938968)
(0.015245046 -0.005086548 0.00046413523 0.0060991494 3.4271988e-05 0.0074526818)
(0.01266655 -0.0042661461 0.00043449077 0.0052765236 5.0549878e-05 0.0060713413)
(0.010755772 -0.0033615471 0.00013687307 0.0044809798 5.3509795e-05 0.0050300375)
(0.0085458311 -0.0023534511 -8.2283558e-05 0.0039627522 0.00012905818 0.0042009092)
(0.006972352 -0.0013887487 -0.00029681709 0.0036480199 0.00013330677 0.0035933327)
(0.006312223 -0.00044210846 -0.00041460238 0.0034960577 8.8968787e-05 0.0031755828)
(0.0063817484 0.00056594356 -0.00025782506 0.0035389964 4.6995568e-05 0.0030671058)
(0.0071900033 0.0014947665 -6.2083493e-05 0.0037389425 4.7609408e-05 0.0034779033)
(0.0086332963 0.0023992078 4.9019598e-05 0.0041619306 4.4591572e-05 0.0042481145)
(0.010564759 0.0033233372 0.00015480052 0.0048302892 6.3910883e-05 0.0052551235)
(0.013228782 0.0042600516 0.00039844872 0.0055546142 0.0001068839 0.006205244)
(0.016525183 0.0052326857 0.00041033002 0.0063662359 0.00011395896 0.0071599088)
(0.019544981 0.0061404186 5.7426878e-05 0.0071229556 0.00012324959 0.0086765456)
(0.023290626 0.006917863 7.4850221e-05 0.0077505683 4.7141277e-05 0.010632033)
(0.030297229 0.0079146386 0.00018146642 0.0081939747 0.00015608549 0.012488294)
(0.044184139 0.0087476365 5.6932619e-05 0.0075766156 5.8634612e-05 0.013661922)
(0.082063372 0.0086328179 5.6388108e-05 0.0039212285 -2.0116343e-05 0.013759943)
(0.00046399919 5.3007638e-07 -3.7130485e-06 2.4107392e-08 3.7405505e-09 0.00012257304)
(0.00044178582 -5.3204791e-07 5.169009e-07 2.4484601e-08 6.2983022e-10 0.00012072026)
(0.079055403 -0.0081448687 -6.9930737e-06 0.0038363894 4.3438085e-05 0.014052853)
(0.041878271 -0.0083928268 -0.00032955346 0.0073972224 0.00015177718 0.013420803)
(0.028408544 -0.0075860499 -0.00036950293 0.0078542955 0.00021960302 0.011921859)
(0.022182453 -0.0068009461 -0.00040229818 0.0074080159 0.00018029392 0.010266796)
(0.018545903 -0.0059582704 -0.00020216311 0.0068689543 0.00011508229 0.0084938968)
(0.015245046 -0.005086548 0.00046413523 0.0060991494 3.4271988e-05 0.0074526818)
(0.01266655 -0.0042661461 0.00043449077 0.0052765236 5.0549878e-05 0.0060713413)
(0.010755772 -0.0033615471 0.00013687307 0.0044809798 5.3509795e-05 0.0050300375)
(0.0085458311 -0.0023534511 -8.2283558e-05 0.0039627522 0.00012905818 0.0042009092)
(0.006972352 -0.0013887487 -0.00029681709 0.0036480199 0.00013330677 0.0035933327)
(0.006312223 -0.00044210846 -0.00041460238 0.0034960577 8.8968787e-05 0.0031755828)
(0.0063817484 0.00056594356 -0.00025782506 0.0035389964 4.6995568e-05 0.0030671058)
(0.0071900033 0.0014947665 -6.2083493e-05 0.0037389425 4.7609408e-05 0.0034779033)
(0.0086332963 0.0023992078 4.9019598e-05 0.0041619306 4.4591572e-05 0.0042481145)
(0.010564759 0.0033233372 0.00015480052 0.0048302892 6.3910883e-05 0.0052551235)
(0.013228782 0.0042600516 0.00039844872 0.0055546142 0.0001068839 0.006205244)
(0.016525183 0.0052326857 0.00041033002 0.0063662359 0.00011395896 0.0071599088)
(0.019544981 0.0061404186 5.7426878e-05 0.0071229556 0.00012324959 0.0086765456)
(0.023290626 0.006917863 7.4850221e-05 0.0077505683 4.7141277e-05 0.010632033)
(0.030297229 0.0079146386 0.00018146642 0.0081939747 0.00015608549 0.012488294)
(0.044184139 0.0087476365 5.6932619e-05 0.0075766156 5.8634612e-05 0.013661922)
(0.082063372 0.0086328179 5.6388108e-05 0.0039212285 -2.0116343e-05 0.013759943)
(0.00046399919 5.3007638e-07 -3.7130485e-06 2.4107392e-08 3.7405505e-09 0.00012257304)
(0.00044178582 -5.3204791e-07 5.169009e-07 2.4484601e-08 6.2983022e-10 0.00012072026)
(0.079055403 -0.0081448687 -6.9930737e-06 0.0038363894 4.3438085e-05 0.014052853)
(0.041878271 -0.0083928268 -0.00032955346 0.0073972224 0.00015177718 0.013420803)
(0.028408544 -0.0075860499 -0.00036950293 0.0078542955 0.00021960302 0.011921859)
(0.022182453 -0.0068009461 -0.00040229818 0.0074080159 0.00018029392 0.010266796)
(0.018545903 -0.0059582704 -0.00020216311 0.0068689543 0.00011508229 0.0084938968)
(0.015245046 -0.005086548 0.00046413523 0.0060991494 3.4271988e-05 0.0074526818)
(0.01266655 -0.0042661461 0.00043449077 0.0052765236 5.0549878e-05 0.0060713413)
(0.010755772 -0.0033615471 0.00013687307 0.0044809798 5.3509795e-05 0.0050300375)
(0.0085458311 -0.0023534511 -8.2283558e-05 0.0039627522 0.00012905818 0.0042009092)
(0.006972352 -0.0013887487 -0.00029681709 0.0036480199 0.00013330677 0.0035933327)
(0.006312223 -0.00044210846 -0.00041460238 0.0034960577 8.8968787e-05 0.0031755828)
(0.0063817484 0.00056594356 -0.00025782506 0.0035389964 4.6995568e-05 0.0030671058)
(0.0071900033 0.0014947665 -6.2083493e-05 0.0037389425 4.7609408e-05 0.0034779033)
(0.0086332963 0.0023992078 4.9019598e-05 0.0041619306 4.4591572e-05 0.0042481145)
(0.010564759 0.0033233372 0.00015480052 0.0048302892 6.3910883e-05 0.0052551235)
(0.013228782 0.0042600516 0.00039844872 0.0055546142 0.0001068839 0.006205244)
(0.016525183 0.0052326857 0.00041033002 0.0063662359 0.00011395896 0.0071599088)
(0.019544981 0.0061404186 5.7426878e-05 0.0071229556 0.00012324959 0.0086765456)
(0.023290626 0.006917863 7.4850221e-05 0.0077505683 4.7141277e-05 0.010632033)
(0.030297229 0.0079146386 0.00018146642 0.0081939747 0.00015608549 0.012488294)
(0.044184139 0.0087476365 5.6932619e-05 0.0075766156 5.8634612e-05 0.013661922)
(0.082063372 0.0086328179 5.6388108e-05 0.0039212285 -2.0116343e-05 0.013759943)
(0.00046399919 5.3007638e-07 -3.7130485e-06 2.4107392e-08 3.7405505e-09 0.00012257304)
(0.00044178582 -5.3204791e-07 5.169009e-07 2.4484601e-08 6.2983022e-10 0.00012072026)
(0.079055403 -0.0081448687 -6.9930737e-06 0.0038363894 4.3438085e-05 0.014052853)
(0.041878271 -0.0083928268 -0.00032955346 0.0073972224 0.00015177718 0.013420803)
(0.028408544 -0.0075860499 -0.00036950293 0.0078542955 0.00021960302 0.011921859)
(0.022182453 -0.0068009461 -0.00040229818 0.0074080159 0.00018029392 0.010266796)
(0.018545903 -0.0059582704 -0.00020216311 0.0068689543 0.00011508229 0.0084938968)
(0.015245046 -0.005086548 0.00046413523 0.0060991494 3.4271988e-05 0.0074526818)
(0.01266655 -0.0042661461 0.00043449077 0.0052765236 5.0549878e-05 0.0060713413)
(0.010755772 -0.0033615471 0.00013687307 0.0044809798 5.3509795e-05 0.0050300375)
(0.0085458311 -0.0023534511 -8.2283558e-05 0.0039627522 0.00012905818 0.0042009092)
(0.006972352 -0.0013887487 -0.00029681709 0.0036480199 0.00013330677 0.0035933327)
(0.006312223 -0.00044210846 -0.00041460238 0.0034960577 8.8968787e-05 0.0031755828)
(0.0063817484 0.00056594356 -0.00025782506 0.0035389964 4.6995568e-05 0.0030671058)
(0.0071900033 0.0014947665 -6.2083493e-05 0.0037389425 4.7609408e-05 0.0034779033)
(0.0086332963 0.0023992078 4.9019598e-05 0.0041619306 4.4591572e-05 0.0042481145)
(0.010564759 0.0033233372 0.00015480052 0.0048302892 6.3910883e-05 0.0052551235)
(0.013228782 0.0042600516 0.00039844872 0.0055546142 0.0001068839 0.006205244)
(0.016525183 0.0052326857 0.00041033002 0.0063662359 0.00011395896 0.0071599088)
(0.019544981 0.0061404186 5.7426878e-05 0.0071229556 0.00012324959 0.0086765456)
(0.023290626 0.006917863 7.4850221e-05 0.0077505683 4.7141277e-05 0.010632033)
(0.030297229 0.0079146386 0.00018146642 0.0081939747 0.00015608549 0.012488294)
(0.044184139 0.0087476365 5.6932619e-05 0.0075766156 5.8634612e-05 0.013661922)
(0.082063372 0.0086328179 5.6388108e-05 0.0039212285 -2.0116343e-05 0.013759943)
(0.00046399919 5.3007638e-07 -3.7130485e-06 2.4107392e-08 3.7405505e-09 0.00012257304)
(0.00044178582 -5.3204791e-07 5.169009e-07 2.4484601e-08 6.2983022e-10 0.00012072026)
(0.079055403 -0.0081448687 -6.9930737e-06 0.0038363894 4.3438085e-05 0.014052853)
(0.041878271 -0.0083928268 -0.00032955346 0.0073972224 0.00015177718 0.013420803)
(0.028408544 -0.0075860499 -0.00036950293 0.0078542955 0.00021960302 0.011921859)
(0.022182453 -0.0068009461 -0.00040229818 0.0074080159 0.00018029392 0.010266796)
(0.018545903 -0.0059582704 -0.00020216311 0.0068689543 0.00011508229 0.0084938968)
(0.015245046 -0.005086548 0.00046413523 0.0060991494 3.4271988e-05 0.0074526818)
(0.01266655 -0.0042661461 0.00043449077 0.0052765236 5.0549878e-05 0.0060713413)
(0.010755772 -0.0033615471 0.00013687307 0.0044809798 5.3509795e-05 0.0050300375)
(0.0085458311 -0.0023534511 -8.2283558e-05 0.0039627522 0.00012905818 0.0042009092)
(0.006972352 -0.0013887487 -0.00029681709 0.0036480199 0.00013330677 0.0035933327)
(0.006312223 -0.00044210846 -0.00041460238 0.0034960577 8.8968787e-05 0.0031755828)
(0.0063817484 0.00056594356 -0.00025782506 0.0035389964 4.6995568e-05 0.0030671058)
(0.0071900033 0.0014947665 -6.2083493e-05 0.0037389425 4.7609408e-05 0.0034779033)
(0.0086332963 0.0023992078 4.9019598e-05 0.0041619306 4.4591572e-05 0.0042481145)
(0.010564759 0.0033233372 0.00015480052 0.0048302892 6.3910883e-05 0.0052551235)
(0.013228782 0.0042600516 0.00039844872 0.0055546142 0.0001068839 0.006205244)
(0.016525183 0.0052326857 0.00041033002 0.0063662359 0.00011395896 0.0071599088)
(0.019544981 0.0061404186 5.7426878e-05 0.0071229556 0.00012324959 0.0086765456)
(0.023290626 0.006917863 7.4850221e-05 0.0077505683 4.7141277e-05 0.010632033)
(0.030297229 0.0079146386 0.00018146642 0.0081939747 0.00015608549 0.012488294)
(0.044184139 0.0087476365 5.6932619e-05 0.0075766156 5.8634612e-05 0.013661922)
(0.082063372 0.0086328179 5.6388108e-05 0.0039212285 -2.0116343e-05 0.013759943)
(0.00046399919 5.3007638e-07 -3.7130485e-06 2.4107392e-08 3.7405505e-09 0.00012257304)
(0.00044178582 -5.3204791e-07 5.169009e-07 2.4484601e-08 6.2983022e-10 0.00012072026)
(0.079055403 -0.0081448687 -6.9930737e-06 0.0038363894 4.3438085e-05 0.014052853)
(0.041878271 -0.0083928268 -0.00032955346 0.0073972224 0.00015177718 0.013420803)
(0.028408544 -0.0075860499 -0.00036950293 0.0078542955 0.00021960302 0.011921859)
(0.022182453 -0.0068009461 -0.00040229818 0.0074080159 0.00018029392 0.010266796)
(0.018545903 -0.0059582704 -0.00020216311 0.0068689543 0.00011508229 0.0084938968)
(0.015245046 -0.005086548 0.00046413523 0.0060991494 3.4271988e-05 0.0074526818)
(0.01266655 -0.0042661461 0.00043449077 0.0052765236 5.0549878e-05 0.0060713413)
(0.010755772 -0.0033615471 0.00013687307 0.0044809798 5.3509795e-05 0.0050300375)
(0.0085458311 -0.0023534511 -8.2283558e-05 0.0039627522 0.00012905818 0.0042009092)
(0.006972352 -0.0013887487 -0.00029681709 0.0036480199 0.00013330677 0.0035933327)
(0.006312223 -0.00044210846 -0.00041460238 0.0034960577 8.8968787e-05 0.0031755828)
(0.0063817484 0.00056594356 -0.00025782506 0.0035389964 4.6995568e-05 0.0030671058)
(0.0071900033 0.0014947665 -6.2083493e-05 0.0037389425 4.7609408e-05 0.0034779033)
(0.0086332963 0.0023992078 4.9019598e-05 0.0041619306 4.4591572e-05 0.0042481145)
(0.010564759 0.0033233372 0.00015480052 0.0048302892 6.3910883e-05 0.0052551235)
(0.013228782 0.0042600516 0.00039844872 0.0055546142 0.0001068839 0.006205244)
(0.016525183 0.0052326857 0.00041033002 0.0063662359 0.00011395896 0.0071599088)
(0.019544981 0.0061404186 5.7426878e-05 0.0071229556 0.00012324959 0.0086765456)
(0.023290626 0.006917863 7.4850221e-05 0.0077505683 4.7141277e-05 0.010632033)
(0.030297229 0.0079146386 0.00018146642 0.0081939747 0.00015608549 0.012488294)
(0.044184139 0.0087476365 5.6932619e-05 0.0075766156 5.8634612e-05 0.013661922)
(0.082063372 0.0086328179 5.6388108e-05 0.0039212285 -2.0116343e-05 0.013759943)
(0.00046399919 5.3007638e-07 -3.7130485e-06 2.4107392e-08 3.7405505e-09 0.00012257304)
(0.00044178582 -5.3204791e-07 5.169009e-07 2.4484601e-08 6.2983022e-10 0.00012072026)
(0.079055403 -0.0081448687 -6.9930737e-06 0.0038363894 4.3438085e-05 0.014052853)
(0.041878271 -0.0083928268 -0.00032955346 0.0073972224 0.00015177718 0.013420803)
(0.028408544 -0.0075860499 -0.00036950293 0.0078542955 0.00021960302 0.011921859)
(0.022182453 -0.0068009461 -0.00040229818 0.0074080159 0.00018029392 0.010266796)
(0.018545903 -0.0059582704 -0.00020216311 0.0068689543 0.00011508229 0.0084938968)
(0.015245046 -0.005086548 0.00046413523 0.0060991494 3.4271988e-05 0.0074526818)
(0.01266655 -0.0042661461 0.00043449077 0.0052765236 5.0549878e-05 0.0060713413)
(0.010755772 -0.0033615471 0.00013687307 0.0044809798 5.3509795e-05 0.0050300375)
(0.0085458311 -0.0023534511 -8.2283558e-05 0.0039627522 0.00012905818 0.0042009092)
(0.006972352 -0.0013887487 -0.00029681709 0.0036480199 0.00013330677 0.0035933327)
(0.006312223 -0.00044210846 -0.00041460238 0.0034960577 8.8968787e-05 0.0031755828)
(0.0063817484 0.00056594356 -0.00025782506 0.0035389964 4.6995568e-05 0.0030671058)
(0.0071900033 0.0014947665 -6.2083493e-05 0.0037389425 4.7609408e-05 0.0034779033)
(0.0086332963 0.0023992078 4.9019598e-05 0.0041619306 4.4591572e-05 0.0042481145)
(0.010564759 0.0033233372 0.00015480052 0.0048302892 6.3910883e-05 0.0052551235)
(0.013228782 0.0042600516 0.00039844872 0.0055546142 0.0001068839 0.006205244)
(0.016525183 0.0052326857 0.00041033002 0.0063662359 0.00011395896 0.0071599088)
(0.019544981 0.0061404186 5.7426878e-05 0.0071229556 0.00012324959 0.0086765456)
(0.023290626 0.006917863 7.4850221e-05 0.0077505683 4.7141277e-05 0.010632033)
(0.030297229 0.0079146386 0.00018146642 0.0081939747 0.00015608549 0.012488294)
(0.044184139 0.0087476365 5.6932619e-05 0.0075766156 5.8634612e-05 0.013661922)
(0.082063372 0.0086328179 5.6388108e-05 0.0039212285 -2.0116343e-05 0.013759943)
(0.00046399919 5.3007638e-07 -3.7130485e-06 2.4107392e-08 3.7405505e-09 0.00012257304)
)
