# x  wallT_Kelvin
0.101250 827.843036
0.103750 832.483897
0.106250 836.942250
0.108750 840.749944
0.111250 841.868863
0.113750 841.174328
0.116250 840.052563
0.118750 838.330024
0.121250 836.069259
0.123750 833.875636
0.126250 831.915233
0.128750 830.219743
0.131250 828.770564
0.133750 827.535251
0.136250 826.479663
0.138750 825.572487
0.141250 824.785727
0.143750 824.096292
0.146250 823.485390
0.148750 822.945343
0.151250 822.470110
0.153750 822.053841
0.156250 821.692823
0.158750 821.385212
0.161250 821.132802
0.163750 820.939006
0.166250 820.802550
0.168750 820.722351
0.171250 820.694194
0.173750 820.715098
0.176250 820.782155
0.178750 820.894805
0.181250 821.050517
0.183750 821.242177
0.186250 821.464668
0.188750 821.701759
0.191250 821.947783
0.193750 822.208928
0.196250 822.482512
0.198750 822.786911
0.201250 823.115897
0.203750 823.486008
0.206250 823.866992
0.208750 824.253444
0.211250 824.643989
0.213750 825.040396
0.216250 825.448148
0.218750 825.887458
0.221250 826.327348
0.223750 826.753963
0.226250 827.164214
0.228750 827.557626
0.231250 827.934437
0.233750 828.295613
0.236250 828.642107
0.238750 828.975192
0.241250 829.295832
0.243750 829.605262
0.246250 829.904211
0.248750 830.193764
0.251250 830.474411
0.253750 830.747111
0.256250 831.012216
0.258750 831.270515
0.261250 831.522255
0.263750 831.768121
0.266250 832.008301
0.268750 832.243361
0.271250 832.473451
0.273750 832.699026
0.276250 832.920179
0.278750 833.137240
0.281250 833.350336
0.283750 833.559656
0.286250 833.765326
0.288750 833.967573
0.291250 834.166517
0.293750 834.362332
0.296250 834.555082
0.298750 834.744950
0.301250 834.932009
0.303750 835.116389
0.306250 835.298122
0.308750 835.477333
0.311250 835.654032
0.313750 835.828291
0.316250 836.000107
0.318750 836.169573
0.321250 836.336698
0.323750 836.501559
0.326250 836.664154
0.328750 836.824556
0.331250 836.982764
0.333750 837.138828
0.336250 837.292748
0.338750 837.444577
0.341250 837.594297
0.343750 837.741976
0.346250 837.887571
0.348750 838.031155
0.351250 838.172694
0.353750 838.312249
0.356250 838.449801
0.358750 838.585388
0.361250 838.718993
0.363750 838.850653
0.366250 838.980357
0.368750 839.108142
0.371250 839.233980
0.373750 839.357879
0.376250 839.479756
0.378750 839.599519
0.381250 839.716856
0.383750 839.831421
0.386250 839.942259
0.388750 840.048435
0.391250 840.147196
0.393750 840.236151
0.396250 840.307672
0.398750 840.349669
