/*--------------------------------*- C++ -*----------------------------------*\
| =========                 |                                                 |
| \\      /  F ield         | OpenFOAM: The Open Source CFD Toolbox           |
|  \\    /   O peration     | Version:  2512                                  |
|   \\  /    A nd           | Website:  www.openfoam.com                      |
|    \\/     M anipulation  |                                                 |
\*---------------------------------------------------------------------------*/
// * * * * * * * * * * * * * * * * * * * * * * * * * * * * * * * * * * * * * //
FoamFile
{
    version         2;
    format          ascii;
    class           volScalarField;
    object          T;
}

dimensions      [ 0 0 0 1 0 0 0 ];

internalField   uniform 800;

boundaryField
{
    heatedBase
    {
        type            fixedGradient;
        gradient        nonuniform List<scalar>
640
(
8303.75207442
8303.75207442
8303.75207442
8303.75207442
8303.75207442
8303.75207442
8303.75207442
8303.75207442
8304.35494343
8304.35494343
8304.35494343
8304.35494343
8304.35494343
8304.35494343
8304.35494343
8304.35494343
8305.24799701
8305.24799701
8305.24799701
8305.24799701
8305.24799701
8305.24799701
8305.24799701
8305.24799701
8306.53885429
8306.53885429
8306.53885429
8306.53885429
8306.53885429
8306.53885429
8306.53885429
8306.53885429
8308.28649465
8308.28649465
8308.28649465
8308.28649465
8308.28649465
8308.28649465
8308.28649465
8308.28649465
8310.60930776
8310.60930776
8310.60930776
8310.60930776
8310.60930776
8310.60930776
8310.60930776
8310.60930776
8313.60648334
8313.60648334
8313.60648334
8313.60648334
8313.60648334
8313.60648334
8313.60648334
8313.60648334
8317.33218016
8317.33218016
8317.33218016
8317.33218016
8317.33218016
8317.33218016
8317.33218016
8317.33218016
8321.93511261
8321.93511261
8321.93511261
8321.93511261
8321.93511261
8321.93511261
8321.93511261
8321.93511261
8327.2002166
8327.2002166
8327.2002166
8327.2002166
8327.2002166
8327.2002166
8327.2002166
8327.2002166
8333.00981664
8333.00981664
8333.00981664
8333.00981664
8333.00981664
8333.00981664
8333.00981664
8333.00981664
8339.51045455
8339.51045455
8339.51045455
8339.51045455
8339.51045455
8339.51045455
8339.51045455
8339.51045455
8346.86739973
8346.86739973
8346.86739973
8346.86739973
8346.86739973
8346.86739973
8346.86739973
8346.86739973
8356.30047636
8356.30047636
8356.30047636
8356.30047636
8356.30047636
8356.30047636
8356.30047636
8356.30047636
8368.64905795
8368.64905795
8368.64905795
8368.64905795
8368.64905795
8368.64905795
8368.64905795
8368.64905795
8385.22754571
8385.22754571
8385.22754571
8385.22754571
8385.22754571
8385.22754571
8385.22754571
8385.22754571
8407.80660742
8407.80660742
8407.80660742
8407.80660742
8407.80660742
8407.80660742
8407.80660742
8407.80660742
8438.41323648
8438.41323648
8438.41323648
8438.41323648
8438.41323648
8438.41323648
8438.41323648
8438.41323648
8483.39108999
8483.39108999
8483.39108999
8483.39108999
8483.39108999
8483.39108999
8483.39108999
8483.39108999
8548.7471897
8548.7471897
8548.7471897
8548.7471897
8548.7471897
8548.7471897
8548.7471897
8548.7471897
8646.96938389
8646.96938389
8646.96938389
8646.96938389
8646.96938389
8646.96938389
8646.96938389
8646.96938389
8796.51612409
8796.51612409
8796.51612409
8796.51612409
8796.51612409
8796.51612409
8796.51612409
8796.51612409
9022.01684383
9022.01684383
9022.01684383
9022.01684383
9022.01684383
9022.01684383
9022.01684383
9022.01684383
9374.36094666
9374.36094666
9374.36094666
9374.36094666
9374.36094666
9374.36094666
9374.36094666
9374.36094666
9886.4354615
9886.4354615
9886.4354615
9886.4354615
9886.4354615
9886.4354615
9886.4354615
9886.4354615
10630.8731813
10630.8731813
10630.8731813
10630.8731813
10630.8731813
10630.8731813
10630.8731813
10630.8731813
11722.6744751
11722.6744751
11722.6744751
11722.6744751
11722.6744751
11722.6744751
11722.6744751
11722.6744751
13334.166185
13334.166185
13334.166185
13334.166185
13334.166185
13334.166185
13334.166185
13334.166185
15794.2384594
15794.2384594
15794.2384594
15794.2384594
15794.2384594
15794.2384594
15794.2384594
15794.2384594
19129.8830704
19129.8830704
19129.8830704
19129.8830704
19129.8830704
19129.8830704
19129.8830704
19129.8830704
23204.4447686
23204.4447686
23204.4447686
23204.4447686
23204.4447686
23204.4447686
23204.4447686
23204.4447686
27649.9948894
27649.9948894
27649.9948894
27649.9948894
27649.9948894
27649.9948894
27649.9948894
27649.9948894
31932.2234867
31932.2234867
31932.2234867
31932.2234867
31932.2234867
31932.2234867
31932.2234867
31932.2234867
35839.1911981
35839.1911981
35839.1911981
35839.1911981
35839.1911981
35839.1911981
35839.1911981
35839.1911981
39429.832148
39429.832148
39429.832148
39429.832148
39429.832148
39429.832148
39429.832148
39429.832148
43013.0083692
43013.0083692
43013.0083692
43013.0083692
43013.0083692
43013.0083692
43013.0083692
43013.0083692
46577.048884
46577.048884
46577.048884
46577.048884
46577.048884
46577.048884
46577.048884
46577.048884
49817.8349148
49817.8349148
49817.8349148
49817.8349148
49817.8349148
49817.8349148
49817.8349148
49817.8349148
51780.5733604
51780.5733604
51780.5733604
51780.5733604
51780.5733604
51780.5733604
51780.5733604
51780.5733604
52364.1408108
52364.1408108
52364.1408108
52364.1408108
52364.1408108
52364.1408108
52364.1408108
52364.1408108
51926.465223
51926.465223
51926.465223
51926.465223
51926.465223
51926.465223
51926.465223
51926.465223
50181.2042314
50181.2042314
50181.2042314
50181.2042314
50181.2042314
50181.2042314
50181.2042314
50181.2042314
47170.8421694
47170.8421694
47170.8421694
47170.8421694
47170.8421694
47170.8421694
47170.8421694
47170.8421694
43607.4420558
43607.4420558
43607.4420558
43607.4420558
43607.4420558
43607.4420558
43607.4420558
43607.4420558
40029.7905351
40029.7905351
40029.7905351
40029.7905351
40029.7905351
40029.7905351
40029.7905351
40029.7905351
36436.872242
36436.872242
36436.872242
36436.872242
36436.872242
36436.872242
36436.872242
36436.872242
32594.0808202
32594.0808202
32594.0808202
32594.0808202
32594.0808202
32594.0808202
32594.0808202
32594.0808202
28401.1704926
28401.1704926
28401.1704926
28401.1704926
28401.1704926
28401.1704926
28401.1704926
28401.1704926
23924.8686225
23924.8686225
23924.8686225
23924.8686225
23924.8686225
23924.8686225
23924.8686225
23924.8686225
19767.6464492
19767.6464492
19767.6464492
19767.6464492
19767.6464492
19767.6464492
19767.6464492
19767.6464492
16309.2679227
16309.2679227
16309.2679227
16309.2679227
16309.2679227
16309.2679227
16309.2679227
16309.2679227
13723.1747472
13723.1747472
13723.1747472
13723.1747472
13723.1747472
13723.1747472
13723.1747472
13723.1747472
11923.7205685
11923.7205685
11923.7205685
11923.7205685
11923.7205685
11923.7205685
11923.7205685
11923.7205685
10774.6816413
10774.6816413
10774.6816413
10774.6816413
10774.6816413
10774.6816413
10774.6816413
10774.6816413
9990.77290804
9990.77290804
9990.77290804
9990.77290804
9990.77290804
9990.77290804
9990.77290804
9990.77290804
9450.21085211
9450.21085211
9450.21085211
9450.21085211
9450.21085211
9450.21085211
9450.21085211
9450.21085211
9077.31568331
9077.31568331
9077.31568331
9077.31568331
9077.31568331
9077.31568331
9077.31568331
9077.31568331
8824.26451109
8824.26451109
8824.26451109
8824.26451109
8824.26451109
8824.26451109
8824.26451109
8824.26451109
8666.24598
8666.24598
8666.24598
8666.24598
8666.24598
8666.24598
8666.24598
8666.24598
8562.21132499
8562.21132499
8562.21132499
8562.21132499
8562.21132499
8562.21132499
8562.21132499
8562.21132499
8492.99804727
8492.99804727
8492.99804727
8492.99804727
8492.99804727
8492.99804727
8492.99804727
8492.99804727
8445.48741573
8445.48741573
8445.48741573
8445.48741573
8445.48741573
8445.48741573
8445.48741573
8445.48741573
8411.8932576
8411.8932576
8411.8932576
8411.8932576
8411.8932576
8411.8932576
8411.8932576
8411.8932576
8388.34377621
8388.34377621
8388.34377621
8388.34377621
8388.34377621
8388.34377621
8388.34377621
8388.34377621
8371.05899004
8371.05899004
8371.05899004
8371.05899004
8371.05899004
8371.05899004
8371.05899004
8371.05899004
8358.18265571
8358.18265571
8358.18265571
8358.18265571
8358.18265571
8358.18265571
8358.18265571
8358.18265571
8348.37757919
8348.37757919
8348.37757919
8348.37757919
8348.37757919
8348.37757919
8348.37757919
8348.37757919
8340.63276576
8340.63276576
8340.63276576
8340.63276576
8340.63276576
8340.63276576
8340.63276576
8340.63276576
8334.01551317
8334.01551317
8334.01551317
8334.01551317
8334.01551317
8334.01551317
8334.01551317
8334.01551317
8328.13105343
8328.13105343
8328.13105343
8328.13105343
8328.13105343
8328.13105343
8328.13105343
8328.13105343
8322.78597019
8322.78597019
8322.78597019
8322.78597019
8322.78597019
8322.78597019
8322.78597019
8322.78597019
8318.08259513
8318.08259513
8318.08259513
8318.08259513
8318.08259513
8318.08259513
8318.08259513
8318.08259513
8314.13724664
8314.13724664
8314.13724664
8314.13724664
8314.13724664
8314.13724664
8314.13724664
8314.13724664
8311.04636896
8311.04636896
8311.04636896
8311.04636896
8311.04636896
8311.04636896
8311.04636896
8311.04636896
8308.62370449
8308.62370449
8308.62370449
8308.62370449
8308.62370449
8308.62370449
8308.62370449
8308.62370449
8306.80715946
8306.80715946
8306.80715946
8306.80715946
8306.80715946
8306.80715946
8306.80715946
8306.80715946
8305.45250744
8305.45250744
8305.45250744
8305.45250744
8305.45250744
8305.45250744
8305.45250744
8305.45250744
8304.47504119
8304.47504119
8304.47504119
8304.47504119
8304.47504119
8304.47504119
8304.47504119
8304.47504119
8303.8133134
8303.8133134
8303.8133134
8303.8133134
8303.8133134
8303.8133134
8303.8133134
8303.8133134
8303.52589181
8303.52589181
8303.52589181
8303.52589181
8303.52589181
8303.52589181
8303.52589181
8303.52589181
)
        ;
    }
    solidSides
    {
        type            zeroGradient;
    }
    heater_to_bottomWater
    {
        type            compressible::turbulentTemperatureRadCoupledMixed;
        Tnbr            T;
        kappaMethod     solidThermo;
        value           uniform 800;
    }
}


// ************************************************************************* //
