576
(
(0.061399691 2.0278008e-06 -0.0002339684)
(1.6630543 -1.4920486e-05 -0.0011217924)
(1.9098458 -4.8372306e-06 0.0022285552)
(2.0272979 1.9336477e-05 4.6245927e-05)
(2.1089325 -1.803013e-05 -0.0087614286)
(2.1723571 -1.12646e-05 -0.011532001)
(2.2232613 3.6673801e-06 -0.013641064)
(2.2701298 -2.1949139e-05 -0.011866128)
(2.3066595 5.9371217e-06 -0.0082222017)
(2.3378155 -3.1323952e-05 -0.0041716622)
(2.360139 1.1873679e-05 -0.0013080795)
(2.3707794 4.8306023e-06 0.00078548048)
(2.3707611 -1.2030964e-05 0.00096100379)
(2.3598513 1.7816422e-05 0.00083987242)
(2.3393578 -1.360845e-05 0.0015615719)
(2.311403 -2.9618722e-06 0.0014238957)
(2.277516 -3.513081e-08 0.0016009939)
(2.2366028 -1.0801954e-05 0.0026574298)
(2.1867007 1.2378223e-05 0.0024397866)
(2.1252268 3.659236e-06 0.003418652)
(2.0470246 -8.2808942e-06 0.0025186786)
(1.9410536 -9.9089395e-06 0.0012417376)
(1.7134863 1.5881453e-05 0.0028411259)
(0.06228317 -1.9819723e-06 -2.5162729e-05)
(0.061399691 2.0278008e-06 -0.0002339684)
(1.6630543 -1.4920486e-05 -0.0011217924)
(1.9098458 -4.8372306e-06 0.0022285552)
(2.0272979 1.9336477e-05 4.6245927e-05)
(2.1089325 -1.803013e-05 -0.0087614286)
(2.1723571 -1.12646e-05 -0.011532001)
(2.2232613 3.6673801e-06 -0.013641064)
(2.2701298 -2.1949139e-05 -0.011866128)
(2.3066595 5.9371217e-06 -0.0082222017)
(2.3378155 -3.1323952e-05 -0.0041716622)
(2.360139 1.1873679e-05 -0.0013080795)
(2.3707794 4.8306023e-06 0.00078548048)
(2.3707611 -1.2030964e-05 0.00096100379)
(2.3598513 1.7816422e-05 0.00083987242)
(2.3393578 -1.360845e-05 0.0015615719)
(2.311403 -2.9618722e-06 0.0014238957)
(2.277516 -3.513081e-08 0.0016009939)
(2.2366028 -1.0801954e-05 0.0026574298)
(2.1867007 1.2378223e-05 0.0024397866)
(2.1252268 3.659236e-06 0.003418652)
(2.0470246 -8.2808942e-06 0.0025186786)
(1.9410536 -9.9089395e-06 0.0012417376)
(1.7134863 1.5881453e-05 0.0028411259)
(0.06228317 -1.9819723e-06 -2.5162729e-05)
(0.061399691 2.0278008e-06 -0.0002339684)
(1.6630543 -1.4920486e-05 -0.0011217924)
(1.9098458 -4.8372306e-06 0.0022285552)
(2.0272979 1.9336477e-05 4.6245927e-05)
(2.1089325 -1.803013e-05 -0.0087614286)
(2.1723571 -1.12646e-05 -0.011532001)
(2.2232613 3.6673801e-06 -0.013641064)
(2.2701298 -2.1949139e-05 -0.011866128)
(2.3066595 5.9371217e-06 -0.0082222017)
(2.3378155 -3.1323952e-05 -0.0041716622)
(2.360139 1.1873679e-05 -0.0013080795)
(2.3707794 4.8306023e-06 0.00078548048)
(2.3707611 -1.2030964e-05 0.00096100379)
(2.3598513 1.7816422e-05 0.00083987242)
(2.3393578 -1.360845e-05 0.0015615719)
(2.311403 -2.9618722e-06 0.0014238957)
(2.277516 -3.513081e-08 0.0016009939)
(2.2366028 -1.0801954e-05 0.0026574298)
(2.1867007 1.2378223e-05 0.0024397866)
(2.1252268 3.659236e-06 0.003418652)
(2.0470246 -8.2808942e-06 0.0025186786)
(1.9410536 -9.9089395e-06 0.0012417376)
(1.7134863 1.5881453e-05 0.0028411259)
(0.06228317 -1.9819723e-06 -2.5162729e-05)
(0.061399691 2.0278008e-06 -0.0002339684)
(1.6630543 -1.4920486e-05 -0.0011217924)
(1.9098458 -4.8372306e-06 0.0022285552)
(2.0272979 1.9336477e-05 4.6245927e-05)
(2.1089325 -1.803013e-05 -0.0087614286)
(2.1723571 -1.12646e-05 -0.011532001)
(2.2232613 3.6673801e-06 -0.013641064)
(2.2701298 -2.1949139e-05 -0.011866128)
(2.3066595 5.9371217e-06 -0.0082222017)
(2.3378155 -3.1323952e-05 -0.0041716622)
(2.360139 1.1873679e-05 -0.0013080795)
(2.3707794 4.8306023e-06 0.00078548048)
(2.3707611 -1.2030964e-05 0.00096100379)
(2.3598513 1.7816422e-05 0.00083987242)
(2.3393578 -1.360845e-05 0.0015615719)
(2.311403 -2.9618722e-06 0.0014238957)
(2.277516 -3.513081e-08 0.0016009939)
(2.2366028 -1.0801954e-05 0.0026574298)
(2.1867007 1.2378223e-05 0.0024397866)
(2.1252268 3.659236e-06 0.003418652)
(2.0470246 -8.2808942e-06 0.0025186786)
(1.9410536 -9.9089395e-06 0.0012417376)
(1.7134863 1.5881453e-05 0.0028411259)
(0.06228317 -1.9819723e-06 -2.5162729e-05)
(0.061399691 2.0278008e-06 -0.0002339684)
(1.6630543 -1.4920486e-05 -0.0011217924)
(1.9098458 -4.8372306e-06 0.0022285552)
(2.0272979 1.9336477e-05 4.6245927e-05)
(2.1089325 -1.803013e-05 -0.0087614286)
(2.1723571 -1.12646e-05 -0.011532001)
(2.2232613 3.6673801e-06 -0.013641064)
(2.2701298 -2.1949139e-05 -0.011866128)
(2.3066595 5.9371217e-06 -0.0082222017)
(2.3378155 -3.1323952e-05 -0.0041716622)
(2.360139 1.1873679e-05 -0.0013080795)
(2.3707794 4.8306023e-06 0.00078548048)
(2.3707611 -1.2030964e-05 0.00096100379)
(2.3598513 1.7816422e-05 0.00083987242)
(2.3393578 -1.360845e-05 0.0015615719)
(2.311403 -2.9618722e-06 0.0014238957)
(2.277516 -3.513081e-08 0.0016009939)
(2.2366028 -1.0801954e-05 0.0026574298)
(2.1867007 1.2378223e-05 0.0024397866)
(2.1252268 3.659236e-06 0.003418652)
(2.0470246 -8.2808942e-06 0.0025186786)
(1.9410536 -9.9089395e-06 0.0012417376)
(1.7134863 1.5881453e-05 0.0028411259)
(0.06228317 -1.9819723e-06 -2.5162729e-05)
(0.061399691 2.0278008e-06 -0.0002339684)
(1.6630543 -1.4920486e-05 -0.0011217924)
(1.9098458 -4.8372306e-06 0.0022285552)
(2.0272979 1.9336477e-05 4.6245927e-05)
(2.1089325 -1.803013e-05 -0.0087614286)
(2.1723571 -1.12646e-05 -0.011532001)
(2.2232613 3.6673801e-06 -0.013641064)
(2.2701298 -2.1949139e-05 -0.011866128)
(2.3066595 5.9371217e-06 -0.0082222017)
(2.3378155 -3.1323952e-05 -0.0041716622)
(2.360139 1.1873679e-05 -0.0013080795)
(2.3707794 4.8306023e-06 0.00078548048)
(2.3707611 -1.2030964e-05 0.00096100379)
(2.3598513 1.7816422e-05 0.00083987242)
(2.3393578 -1.360845e-05 0.0015615719)
(2.311403 -2.9618722e-06 0.0014238957)
(2.277516 -3.513081e-08 0.0016009939)
(2.2366028 -1.0801954e-05 0.0026574298)
(2.1867007 1.2378223e-05 0.0024397866)
(2.1252268 3.659236e-06 0.003418652)
(2.0470246 -8.2808942e-06 0.0025186786)
(1.9410536 -9.9089395e-06 0.0012417376)
(1.7134863 1.5881453e-05 0.0028411259)
(0.06228317 -1.9819723e-06 -2.5162729e-05)
(0.061399691 2.0278008e-06 -0.0002339684)
(1.6630543 -1.4920486e-05 -0.0011217924)
(1.9098458 -4.8372306e-06 0.0022285552)
(2.0272979 1.9336477e-05 4.6245927e-05)
(2.1089325 -1.803013e-05 -0.0087614286)
(2.1723571 -1.12646e-05 -0.011532001)
(2.2232613 3.6673801e-06 -0.013641064)
(2.2701298 -2.1949139e-05 -0.011866128)
(2.3066595 5.9371217e-06 -0.0082222017)
(2.3378155 -3.1323952e-05 -0.0041716622)
(2.360139 1.1873679e-05 -0.0013080795)
(2.3707794 4.8306023e-06 0.00078548048)
(2.3707611 -1.2030964e-05 0.00096100379)
(2.3598513 1.7816422e-05 0.00083987242)
(2.3393578 -1.360845e-05 0.0015615719)
(2.311403 -2.9618722e-06 0.0014238957)
(2.277516 -3.513081e-08 0.0016009939)
(2.2366028 -1.0801954e-05 0.0026574298)
(2.1867007 1.2378223e-05 0.0024397866)
(2.1252268 3.659236e-06 0.003418652)
(2.0470246 -8.2808942e-06 0.0025186786)
(1.9410536 -9.9089395e-06 0.0012417376)
(1.7134863 1.5881453e-05 0.0028411259)
(0.06228317 -1.9819723e-06 -2.5162729e-05)
(0.061399691 2.0278008e-06 -0.0002339684)
(1.6630543 -1.4920486e-05 -0.0011217924)
(1.9098458 -4.8372306e-06 0.0022285552)
(2.0272979 1.9336477e-05 4.6245927e-05)
(2.1089325 -1.803013e-05 -0.0087614286)
(2.1723571 -1.12646e-05 -0.011532001)
(2.2232613 3.6673801e-06 -0.013641064)
(2.2701298 -2.1949139e-05 -0.011866128)
(2.3066595 5.9371217e-06 -0.0082222017)
(2.3378155 -3.1323952e-05 -0.0041716622)
(2.360139 1.1873679e-05 -0.0013080795)
(2.3707794 4.8306023e-06 0.00078548048)
(2.3707611 -1.2030964e-05 0.00096100379)
(2.3598513 1.7816422e-05 0.00083987242)
(2.3393578 -1.360845e-05 0.0015615719)
(2.311403 -2.9618722e-06 0.0014238957)
(2.277516 -3.513081e-08 0.0016009939)
(2.2366028 -1.0801954e-05 0.0026574298)
(2.1867007 1.2378223e-05 0.0024397866)
(2.1252268 3.659236e-06 0.003418652)
(2.0470246 -8.2808942e-06 0.0025186786)
(1.9410536 -9.9089395e-06 0.0012417376)
(1.7134863 1.5881453e-05 0.0028411259)
(0.06228317 -1.9819723e-06 -2.5162729e-05)
(0.061399691 2.0278008e-06 -0.0002339684)
(1.6630543 -1.4920486e-05 -0.0011217924)
(1.9098458 -4.8372306e-06 0.0022285552)
(2.0272979 1.9336477e-05 4.6245927e-05)
(2.1089325 -1.803013e-05 -0.0087614286)
(2.1723571 -1.12646e-05 -0.011532001)
(2.2232613 3.6673801e-06 -0.013641064)
(2.2701298 -2.1949139e-05 -0.011866128)
(2.3066595 5.9371217e-06 -0.0082222017)
(2.3378155 -3.1323952e-05 -0.0041716622)
(2.360139 1.1873679e-05 -0.0013080795)
(2.3707794 4.8306023e-06 0.00078548048)
(2.3707611 -1.2030964e-05 0.00096100379)
(2.3598513 1.7816422e-05 0.00083987242)
(2.3393578 -1.360845e-05 0.0015615719)
(2.311403 -2.9618722e-06 0.0014238957)
(2.277516 -3.513081e-08 0.0016009939)
(2.2366028 -1.0801954e-05 0.0026574298)
(2.1867007 1.2378223e-05 0.0024397866)
(2.1252268 3.659236e-06 0.003418652)
(2.0470246 -8.2808942e-06 0.0025186786)
(1.9410536 -9.9089395e-06 0.0012417376)
(1.7134863 1.5881453e-05 0.0028411259)
(0.06228317 -1.9819723e-06 -2.5162729e-05)
(0.061399691 2.0278008e-06 -0.0002339684)
(1.6630543 -1.4920486e-05 -0.0011217924)
(1.9098458 -4.8372306e-06 0.0022285552)
(2.0272979 1.9336477e-05 4.6245927e-05)
(2.1089325 -1.803013e-05 -0.0087614286)
(2.1723571 -1.12646e-05 -0.011532001)
(2.2232613 3.6673801e-06 -0.013641064)
(2.2701298 -2.1949139e-05 -0.011866128)
(2.3066595 5.9371217e-06 -0.0082222017)
(2.3378155 -3.1323952e-05 -0.0041716622)
(2.360139 1.1873679e-05 -0.0013080795)
(2.3707794 4.8306023e-06 0.00078548048)
(2.3707611 -1.2030964e-05 0.00096100379)
(2.3598513 1.7816422e-05 0.00083987242)
(2.3393578 -1.360845e-05 0.0015615719)
(2.311403 -2.9618722e-06 0.0014238957)
(2.277516 -3.513081e-08 0.0016009939)
(2.2366028 -1.0801954e-05 0.0026574298)
(2.1867007 1.2378223e-05 0.0024397866)
(2.1252268 3.659236e-06 0.003418652)
(2.0470246 -8.2808942e-06 0.0025186786)
(1.9410536 -9.9089395e-06 0.0012417376)
(1.7134863 1.5881453e-05 0.0028411259)
(0.06228317 -1.9819723e-06 -2.5162729e-05)
(0.061399691 2.0278008e-06 -0.0002339684)
(1.6630543 -1.4920486e-05 -0.0011217924)
(1.9098458 -4.8372306e-06 0.0022285552)
(2.0272979 1.9336477e-05 4.6245927e-05)
(2.1089325 -1.803013e-05 -0.0087614286)
(2.1723571 -1.12646e-05 -0.011532001)
(2.2232613 3.6673801e-06 -0.013641064)
(2.2701298 -2.1949139e-05 -0.011866128)
(2.3066595 5.9371217e-06 -0.0082222017)
(2.3378155 -3.1323952e-05 -0.0041716622)
(2.360139 1.1873679e-05 -0.0013080795)
(2.3707794 4.8306023e-06 0.00078548048)
(2.3707611 -1.2030964e-05 0.00096100379)
(2.3598513 1.7816422e-05 0.00083987242)
(2.3393578 -1.360845e-05 0.0015615719)
(2.311403 -2.9618722e-06 0.0014238957)
(2.277516 -3.513081e-08 0.0016009939)
(2.2366028 -1.0801954e-05 0.0026574298)
(2.1867007 1.2378223e-05 0.0024397866)
(2.1252268 3.659236e-06 0.003418652)
(2.0470246 -8.2808942e-06 0.0025186786)
(1.9410536 -9.9089395e-06 0.0012417376)
(1.7134863 1.5881453e-05 0.0028411259)
(0.06228317 -1.9819723e-06 -2.5162729e-05)
(0.061399691 2.0278008e-06 -0.0002339684)
(1.6630543 -1.4920486e-05 -0.0011217924)
(1.9098458 -4.8372306e-06 0.0022285552)
(2.0272979 1.9336477e-05 4.6245927e-05)
(2.1089325 -1.803013e-05 -0.0087614286)
(2.1723571 -1.12646e-05 -0.011532001)
(2.2232613 3.6673801e-06 -0.013641064)
(2.2701298 -2.1949139e-05 -0.011866128)
(2.3066595 5.9371217e-06 -0.0082222017)
(2.3378155 -3.1323952e-05 -0.0041716622)
(2.360139 1.1873679e-05 -0.0013080795)
(2.3707794 4.8306023e-06 0.00078548048)
(2.3707611 -1.2030964e-05 0.00096100379)
(2.3598513 1.7816422e-05 0.00083987242)
(2.3393578 -1.360845e-05 0.0015615719)
(2.311403 -2.9618722e-06 0.0014238957)
(2.277516 -3.513081e-08 0.0016009939)
(2.2366028 -1.0801954e-05 0.0026574298)
(2.1867007 1.2378223e-05 0.0024397866)
(2.1252268 3.659236e-06 0.003418652)
(2.0470246 -8.2808942e-06 0.0025186786)
(1.9410536 -9.9089395e-06 0.0012417376)
(1.7134863 1.5881453e-05 0.0028411259)
(0.06228317 -1.9819723e-06 -2.5162729e-05)
(0.061399691 2.0278008e-06 -0.0002339684)
(1.6630543 -1.4920486e-05 -0.0011217924)
(1.9098458 -4.8372306e-06 0.0022285552)
(2.0272979 1.9336477e-05 4.6245927e-05)
(2.1089325 -1.803013e-05 -0.0087614286)
(2.1723571 -1.12646e-05 -0.011532001)
(2.2232613 3.6673801e-06 -0.013641064)
(2.2701298 -2.1949139e-05 -0.011866128)
(2.3066595 5.9371217e-06 -0.0082222017)
(2.3378155 -3.1323952e-05 -0.0041716622)
(2.360139 1.1873679e-05 -0.0013080795)
(2.3707794 4.8306023e-06 0.00078548048)
(2.3707611 -1.2030964e-05 0.00096100379)
(2.3598513 1.7816422e-05 0.00083987242)
(2.3393578 -1.360845e-05 0.0015615719)
(2.311403 -2.9618722e-06 0.0014238957)
(2.277516 -3.513081e-08 0.0016009939)
(2.2366028 -1.0801954e-05 0.0026574298)
(2.1867007 1.2378223e-05 0.0024397866)
(2.1252268 3.659236e-06 0.003418652)
(2.0470246 -8.2808942e-06 0.0025186786)
(1.9410536 -9.9089395e-06 0.0012417376)
(1.7134863 1.5881453e-05 0.0028411259)
(0.06228317 -1.9819723e-06 -2.5162729e-05)
(0.061399691 2.0278008e-06 -0.0002339684)
(1.6630543 -1.4920486e-05 -0.0011217924)
(1.9098458 -4.8372306e-06 0.0022285552)
(2.0272979 1.9336477e-05 4.6245927e-05)
(2.1089325 -1.803013e-05 -0.0087614286)
(2.1723571 -1.12646e-05 -0.011532001)
(2.2232613 3.6673801e-06 -0.013641064)
(2.2701298 -2.1949139e-05 -0.011866128)
(2.3066595 5.9371217e-06 -0.0082222017)
(2.3378155 -3.1323952e-05 -0.0041716622)
(2.360139 1.1873679e-05 -0.0013080795)
(2.3707794 4.8306023e-06 0.00078548048)
(2.3707611 -1.2030964e-05 0.00096100379)
(2.3598513 1.7816422e-05 0.00083987242)
(2.3393578 -1.360845e-05 0.0015615719)
(2.311403 -2.9618722e-06 0.0014238957)
(2.277516 -3.513081e-08 0.0016009939)
(2.2366028 -1.0801954e-05 0.0026574298)
(2.1867007 1.2378223e-05 0.0024397866)
(2.1252268 3.659236e-06 0.003418652)
(2.0470246 -8.2808942e-06 0.0025186786)
(1.9410536 -9.9089395e-06 0.0012417376)
(1.7134863 1.5881453e-05 0.0028411259)
(0.06228317 -1.9819723e-06 -2.5162729e-05)
(0.061399691 2.0278008e-06 -0.0002339684)
(1.6630543 -1.4920486e-05 -0.0011217924)
(1.9098458 -4.8372306e-06 0.0022285552)
(2.0272979 1.9336477e-05 4.6245927e-05)
(2.1089325 -1.803013e-05 -0.0087614286)
(2.1723571 -1.12646e-05 -0.011532001)
(2.2232613 3.6673801e-06 -0.013641064)
(2.2701298 -2.1949139e-05 -0.011866128)
(2.3066595 5.9371217e-06 -0.0082222017)
(2.3378155 -3.1323952e-05 -0.0041716622)
(2.360139 1.1873679e-05 -0.0013080795)
(2.3707794 4.8306023e-06 0.00078548048)
(2.3707611 -1.2030964e-05 0.00096100379)
(2.3598513 1.7816422e-05 0.00083987242)
(2.3393578 -1.360845e-05 0.0015615719)
(2.311403 -2.9618722e-06 0.0014238957)
(2.277516 -3.513081e-08 0.0016009939)
(2.2366028 -1.0801954e-05 0.0026574298)
(2.1867007 1.2378223e-05 0.0024397866)
(2.1252268 3.659236e-06 0.003418652)
(2.0470246 -8.2808942e-06 0.0025186786)
(1.9410536 -9.9089395e-06 0.0012417376)
(1.7134863 1.5881453e-05 0.0028411259)
(0.06228317 -1.9819723e-06 -2.5162729e-05)
(0.061399691 2.0278008e-06 -0.0002339684)
(1.6630543 -1.4920486e-05 -0.0011217924)
(1.9098458 -4.8372306e-06 0.0022285552)
(2.0272979 1.9336477e-05 4.6245927e-05)
(2.1089325 -1.803013e-05 -0.0087614286)
(2.1723571 -1.12646e-05 -0.011532001)
(2.2232613 3.6673801e-06 -0.013641064)
(2.2701298 -2.1949139e-05 -0.011866128)
(2.3066595 5.9371217e-06 -0.0082222017)
(2.3378155 -3.1323952e-05 -0.0041716622)
(2.360139 1.1873679e-05 -0.0013080795)
(2.3707794 4.8306023e-06 0.00078548048)
(2.3707611 -1.2030964e-05 0.00096100379)
(2.3598513 1.7816422e-05 0.00083987242)
(2.3393578 -1.360845e-05 0.0015615719)
(2.311403 -2.9618722e-06 0.0014238957)
(2.277516 -3.513081e-08 0.0016009939)
(2.2366028 -1.0801954e-05 0.0026574298)
(2.1867007 1.2378223e-05 0.0024397866)
(2.1252268 3.659236e-06 0.003418652)
(2.0470246 -8.2808942e-06 0.0025186786)
(1.9410536 -9.9089395e-06 0.0012417376)
(1.7134863 1.5881453e-05 0.0028411259)
(0.06228317 -1.9819723e-06 -2.5162729e-05)
(0.061399691 2.0278008e-06 -0.0002339684)
(1.6630543 -1.4920486e-05 -0.0011217924)
(1.9098458 -4.8372306e-06 0.0022285552)
(2.0272979 1.9336477e-05 4.6245927e-05)
(2.1089325 -1.803013e-05 -0.0087614286)
(2.1723571 -1.12646e-05 -0.011532001)
(2.2232613 3.6673801e-06 -0.013641064)
(2.2701298 -2.1949139e-05 -0.011866128)
(2.3066595 5.9371217e-06 -0.0082222017)
(2.3378155 -3.1323952e-05 -0.0041716622)
(2.360139 1.1873679e-05 -0.0013080795)
(2.3707794 4.8306023e-06 0.00078548048)
(2.3707611 -1.2030964e-05 0.00096100379)
(2.3598513 1.7816422e-05 0.00083987242)
(2.3393578 -1.360845e-05 0.0015615719)
(2.311403 -2.9618722e-06 0.0014238957)
(2.277516 -3.513081e-08 0.0016009939)
(2.2366028 -1.0801954e-05 0.0026574298)
(2.1867007 1.2378223e-05 0.0024397866)
(2.1252268 3.659236e-06 0.003418652)
(2.0470246 -8.2808942e-06 0.0025186786)
(1.9410536 -9.9089395e-06 0.0012417376)
(1.7134863 1.5881453e-05 0.0028411259)
(0.06228317 -1.9819723e-06 -2.5162729e-05)
(0.061399691 2.0278008e-06 -0.0002339684)
(1.6630543 -1.4920486e-05 -0.0011217924)
(1.9098458 -4.8372306e-06 0.0022285552)
(2.0272979 1.9336477e-05 4.6245927e-05)
(2.1089325 -1.803013e-05 -0.0087614286)
(2.1723571 -1.12646e-05 -0.011532001)
(2.2232613 3.6673801e-06 -0.013641064)
(2.2701298 -2.1949139e-05 -0.011866128)
(2.3066595 5.9371217e-06 -0.0082222017)
(2.3378155 -3.1323952e-05 -0.0041716622)
(2.360139 1.1873679e-05 -0.0013080795)
(2.3707794 4.8306023e-06 0.00078548048)
(2.3707611 -1.2030964e-05 0.00096100379)
(2.3598513 1.7816422e-05 0.00083987242)
(2.3393578 -1.360845e-05 0.0015615719)
(2.311403 -2.9618722e-06 0.0014238957)
(2.277516 -3.513081e-08 0.0016009939)
(2.2366028 -1.0801954e-05 0.0026574298)
(2.1867007 1.2378223e-05 0.0024397866)
(2.1252268 3.659236e-06 0.003418652)
(2.0470246 -8.2808942e-06 0.0025186786)
(1.9410536 -9.9089395e-06 0.0012417376)
(1.7134863 1.5881453e-05 0.0028411259)
(0.06228317 -1.9819723e-06 -2.5162729e-05)
(0.061399691 2.0278008e-06 -0.0002339684)
(1.6630543 -1.4920486e-05 -0.0011217924)
(1.9098458 -4.8372306e-06 0.0022285552)
(2.0272979 1.9336477e-05 4.6245927e-05)
(2.1089325 -1.803013e-05 -0.0087614286)
(2.1723571 -1.12646e-05 -0.011532001)
(2.2232613 3.6673801e-06 -0.013641064)
(2.2701298 -2.1949139e-05 -0.011866128)
(2.3066595 5.9371217e-06 -0.0082222017)
(2.3378155 -3.1323952e-05 -0.0041716622)
(2.360139 1.1873679e-05 -0.0013080795)
(2.3707794 4.8306023e-06 0.00078548048)
(2.3707611 -1.2030964e-05 0.00096100379)
(2.3598513 1.7816422e-05 0.00083987242)
(2.3393578 -1.360845e-05 0.0015615719)
(2.311403 -2.9618722e-06 0.0014238957)
(2.277516 -3.513081e-08 0.0016009939)
(2.2366028 -1.0801954e-05 0.0026574298)
(2.1867007 1.2378223e-05 0.0024397866)
(2.1252268 3.659236e-06 0.003418652)
(2.0470246 -8.2808942e-06 0.0025186786)
(1.9410536 -9.9089395e-06 0.0012417376)
(1.7134863 1.5881453e-05 0.0028411259)
(0.06228317 -1.9819723e-06 -2.5162729e-05)
(0.061399691 2.0278008e-06 -0.0002339684)
(1.6630543 -1.4920486e-05 -0.0011217924)
(1.9098458 -4.8372306e-06 0.0022285552)
(2.0272979 1.9336477e-05 4.6245927e-05)
(2.1089325 -1.803013e-05 -0.0087614286)
(2.1723571 -1.12646e-05 -0.011532001)
(2.2232613 3.6673801e-06 -0.013641064)
(2.2701298 -2.1949139e-05 -0.011866128)
(2.3066595 5.9371217e-06 -0.0082222017)
(2.3378155 -3.1323952e-05 -0.0041716622)
(2.360139 1.1873679e-05 -0.0013080795)
(2.3707794 4.8306023e-06 0.00078548048)
(2.3707611 -1.2030964e-05 0.00096100379)
(2.3598513 1.7816422e-05 0.00083987242)
(2.3393578 -1.360845e-05 0.0015615719)
(2.311403 -2.9618722e-06 0.0014238957)
(2.277516 -3.513081e-08 0.0016009939)
(2.2366028 -1.0801954e-05 0.0026574298)
(2.1867007 1.2378223e-05 0.0024397866)
(2.1252268 3.659236e-06 0.003418652)
(2.0470246 -8.2808942e-06 0.0025186786)
(1.9410536 -9.9089395e-06 0.0012417376)
(1.7134863 1.5881453e-05 0.0028411259)
(0.06228317 -1.9819723e-06 -2.5162729e-05)
(0.061399691 2.0278008e-06 -0.0002339684)
(1.6630543 -1.4920486e-05 -0.0011217924)
(1.9098458 -4.8372306e-06 0.0022285552)
(2.0272979 1.9336477e-05 4.6245927e-05)
(2.1089325 -1.803013e-05 -0.0087614286)
(2.1723571 -1.12646e-05 -0.011532001)
(2.2232613 3.6673801e-06 -0.013641064)
(2.2701298 -2.1949139e-05 -0.011866128)
(2.3066595 5.9371217e-06 -0.0082222017)
(2.3378155 -3.1323952e-05 -0.0041716622)
(2.360139 1.1873679e-05 -0.0013080795)
(2.3707794 4.8306023e-06 0.00078548048)
(2.3707611 -1.2030964e-05 0.00096100379)
(2.3598513 1.7816422e-05 0.00083987242)
(2.3393578 -1.360845e-05 0.0015615719)
(2.311403 -2.9618722e-06 0.0014238957)
(2.277516 -3.513081e-08 0.0016009939)
(2.2366028 -1.0801954e-05 0.0026574298)
(2.1867007 1.2378223e-05 0.0024397866)
(2.1252268 3.659236e-06 0.003418652)
(2.0470246 -8.2808942e-06 0.0025186786)
(1.9410536 -9.9089395e-06 0.0012417376)
(1.7134863 1.5881453e-05 0.0028411259)
(0.06228317 -1.9819723e-06 -2.5162729e-05)
(0.061399691 2.0278008e-06 -0.0002339684)
(1.6630543 -1.4920486e-05 -0.0011217924)
(1.9098458 -4.8372306e-06 0.0022285552)
(2.0272979 1.9336477e-05 4.6245927e-05)
(2.1089325 -1.803013e-05 -0.0087614286)
(2.1723571 -1.12646e-05 -0.011532001)
(2.2232613 3.6673801e-06 -0.013641064)
(2.2701298 -2.1949139e-05 -0.011866128)
(2.3066595 5.9371217e-06 -0.0082222017)
(2.3378155 -3.1323952e-05 -0.0041716622)
(2.360139 1.1873679e-05 -0.0013080795)
(2.3707794 4.8306023e-06 0.00078548048)
(2.3707611 -1.2030964e-05 0.00096100379)
(2.3598513 1.7816422e-05 0.00083987242)
(2.3393578 -1.360845e-05 0.0015615719)
(2.311403 -2.9618722e-06 0.0014238957)
(2.277516 -3.513081e-08 0.0016009939)
(2.2366028 -1.0801954e-05 0.0026574298)
(2.1867007 1.2378223e-05 0.0024397866)
(2.1252268 3.659236e-06 0.003418652)
(2.0470246 -8.2808942e-06 0.0025186786)
(1.9410536 -9.9089395e-06 0.0012417376)
(1.7134863 1.5881453e-05 0.0028411259)
(0.06228317 -1.9819723e-06 -2.5162729e-05)
(0.061399691 2.0278008e-06 -0.0002339684)
(1.6630543 -1.4920486e-05 -0.0011217924)
(1.9098458 -4.8372306e-06 0.0022285552)
(2.0272979 1.9336477e-05 4.6245927e-05)
(2.1089325 -1.803013e-05 -0.0087614286)
(2.1723571 -1.12646e-05 -0.011532001)
(2.2232613 3.6673801e-06 -0.013641064)
(2.2701298 -2.1949139e-05 -0.011866128)
(2.3066595 5.9371217e-06 -0.0082222017)
(2.3378155 -3.1323952e-05 -0.0041716622)
(2.360139 1.1873679e-05 -0.0013080795)
(2.3707794 4.8306023e-06 0.00078548048)
(2.3707611 -1.2030964e-05 0.00096100379)
(2.3598513 1.7816422e-05 0.00083987242)
(2.3393578 -1.360845e-05 0.0015615719)
(2.311403 -2.9618722e-06 0.0014238957)
(2.277516 -3.513081e-08 0.0016009939)
(2.2366028 -1.0801954e-05 0.0026574298)
(2.1867007 1.2378223e-05 0.0024397866)
(2.1252268 3.659236e-06 0.003418652)
(2.0470246 -8.2808942e-06 0.0025186786)
(1.9410536 -9.9089395e-06 0.0012417376)
(1.7134863 1.5881453e-05 0.0028411259)
(0.06228317 -1.9819723e-06 -2.5162729e-05)
(0.061399691 2.0278008e-06 -0.0002339684)
(1.6630543 -1.4920486e-05 -0.0011217924)
(1.9098458 -4.8372306e-06 0.0022285552)
(2.0272979 1.9336477e-05 4.6245927e-05)
(2.1089325 -1.803013e-05 -0.0087614286)
(2.1723571 -1.12646e-05 -0.011532001)
(2.2232613 3.6673801e-06 -0.013641064)
(2.2701298 -2.1949139e-05 -0.011866128)
(2.3066595 5.9371217e-06 -0.0082222017)
(2.3378155 -3.1323952e-05 -0.0041716622)
(2.360139 1.1873679e-05 -0.0013080795)
(2.3707794 4.8306023e-06 0.00078548048)
(2.3707611 -1.2030964e-05 0.00096100379)
(2.3598513 1.7816422e-05 0.00083987242)
(2.3393578 -1.360845e-05 0.0015615719)
(2.311403 -2.9618722e-06 0.0014238957)
(2.277516 -3.513081e-08 0.0016009939)
(2.2366028 -1.0801954e-05 0.0026574298)
(2.1867007 1.2378223e-05 0.0024397866)
(2.1252268 3.659236e-06 0.003418652)
(2.0470246 -8.2808942e-06 0.0025186786)
(1.9410536 -9.9089395e-06 0.0012417376)
(1.7134863 1.5881453e-05 0.0028411259)
(0.06228317 -1.9819723e-06 -2.5162729e-05)
)
